28025995
28003598
28000890
28000864
28000438
27987172
27964719
27959423
27956081
27942860
27924018
27924014
27922680
27907142
27900679
27899966
27896985
27895852
27895744
27895742
27853512
27853510
27855613
27853520
27846294
27840954
27840927
27835046
27834916
27831650
27830058
27829444
27826930
27814735
27802793
27797457
27794559
26510741
27667480
27666388
27765602
27765529
27757782
27208688
27738870
27716259
27711182
27708692
27698802
27698798
27698747
27682024
27667790
27655333
27634459
27621916
27613243
27610375
27602130
27599581
27599550
27595129
27586009
27581154
27559157
27531214
27524402
27518462
27516065
27503052
27497640
27487266
27482299
27466623
27456030
27452039
27450445
27446427
27446297
27442190
27423718
27420970
27414486
27405725
27402693
27396555
27356888
27356390
27354160
27347378
27347171
27347159
27347057
27331400
27323086
27313588
27294188
27284354
27284300
27278879
27262796
27247549
27222482
27203685
27198219
27193824
27184904
27180817
27169281
27153624
27153602
27148389
27131904
27131791
27123054
27098040
27086506
27082053
27079097
27059647
27056547
27052252
27045593
27010134
27001301
27001127
26998004
26988373
26985959
26968890
26968041
26960328
26957268
26951766
26937461
26925814
26914116
26909922
26907161
26881536
26870752
26870242
26870222
26870179
26868022
26867676
26858982
26850698
26846964
26845596
26840709
26834985
26834984
26812286
26804550
26795696
26793622
26784652
26782791
26781349
26779228
26770395
26765468
26737782
26732727
26729218
26719042
26717154
26714915
26713275
26709677
26691584
26691002
26674271
26672762
26672347
26669930
26662404
26650608
26641843
26636516
26600477
26594341
26592840
26566394
26558755
26525978
26523131
26518718
26502853
26498853
26498776
26498477
26497545
26487783
26481357
26477351
26469778
26467653
26458310
26444528
26439031
26421278
26415722
26396508
26379745
26357322
26357321
26354330
26334995
26329309
26328044
26324226
26317507
26297948
26276506
26273408
26272981
26272496
26271256
26263550
26255378
26250077
27781081
26229487
26229356
26223925
26223573
26207134
26205656
26191080
26189254
26187041
26186710
26177842
26163265
26137699
26125802
26125269
26114977
26104178
26103670
26096802
26064257
26045708
26043775
26029219
26021477
25982257
25972860
25955758
25953442
25953080
25945082
25940503
25936657
25925016
25922912
25918880
25907256
25889429
25883154
25877637
25865247
25859558
25855937
25842907
25833953
25832863
25824986
25805103
25786624
25785089
25771989
25769893
25768320
25757789
25756408
25755273
25753876
25753874
25750651
25695524
25695263
25660986
25635527
25604238
25592164
25585621
25580224
25577435
25576219
25573623
25565839
25565838
25565391
25563367
26949516
26937268
25541727
25540777
25527096
25522143
25522063
25521941
25520778
25519357
25515564
25512274
25511031
25501146
25488183
25475428
25469323
25468726
25451770
25450280
25445499
25435164
25434727
25433696
25410188
25409614
25408372
25400907
25392417
25392406
25385480
25383185
25380962
25378329
25365344
25358439
25352980
25351486
25348135
25339452
25324964
25309732
25285206
25275790
25275465
25273109
25260698
25257390
25254104
25254103
25227403
25227254
25216767
25212755
25211130
25205120
25199793
25199469
25189652
25183411
25182125
25177485
25172542
25165537
25153667
25151173
25149502
25138169
25134827
25125975
25118911
25116327
25110584
25080304
25075307
25075306
25070821
25058310
25058159
25057483
25055025
25051057
25040996
25003364
24993113
24969630
24959249
24949626
24895587
24886659
24867915
24859971
24838641
24830558
24829448
24788790
24763884
24754179
24743993
24736319
24728565
24724603
24718810
24713438
24713437
24700371
24695521
24668670
24615040
24603189
24586448
24578538
24577727
24573512
24452951
24452942
24443383
24430173
24418523
24398765
26594322
25948119
24366584
24363376
24340000
24338419
24304957
24290289
24280356
24265686
24254565
24233784
24225050
24222250
24217020
24206562
24198161
24156242
24155070
24148319
24146757
24109950
24089221
24083701
24051510
24009617
23994140
25509360
23967151
23964737
23956138
23948412
23908262
23908249
23894138
23859268
23856141
23855714
23847684
23846596
23837656
23771539
23749961
23749465
23743336
23731710
23731466
23725466
23724694
23715980
23715979
23710289
23627759
23626000
23625999
23620364
23616008
23597302
23595664
23595661
23567935
23552858
23543444
23453054
23443765
23427985
23410028
23398688
23368786
23368516
23390349
23363777
23347958
23325622
23324051
23281970
23297033
23292740
23274719
24715956
23261424
23228038
23228031
23203989
23203868
23180784
23152744
23143270
23132118
23129297
23112803
23093600
23079107
23071747
23055628
23042589
22954630
22952659
22900683
22854123
22782548
22772946
22724003
22718784
22704053
22689386
22651224
22591066
22587372
22576176
22570439
22517619
22458412
22448851
22442671
22433437
22430954
22422314
22411911
22390940
22385417
22356618
22353882
22345616
22342379
22340758
22308675
22308672
22307715
22305245
22292669
22287994
22210867
22155862
22139938
22135418
22135298
22070249
22032859
22028466
22027258
22016407
21994228
21975162
21943367
21886098
21877291
21877289
21877285
21828085
21756334
21731702
21712249
21622961
21622212
21595958
21511714
21509594
21505034
21493660
21478195
21473782
21414991
21383412
21372810
21334471
21300700
21296752
21278188
21257609
21217125
21179244
21156070
21149340
21123224
21121031
21118823
21118483
21097782
21085593
21063955
20946599
20947524
20926419
20861033
20861032
20852260
20851835
20847220
20813661
20810536
20801912
20719001
20684769
20664907
20656902
20650822
20644733
20594316
22081592
20513647
20507894
20507893
20500839
20495000
20484371
20308225
20230615
20222723
20214776
20122237
20172945
20163717
20139469
20117829
20109149
20105306
20094647
20053712
19914922
19887508
19877594
19758470
19729372
19723303
19654116
19629191
19607657
19597788
19470162
19381531
19348639
19273534
19237447
19193966
19144180
19102773
18978014
18840285
18819078
18812364
18779234
18769717
18755046
18710874
18678589
18658180
18653520
18445605
18430989
18428770
18426593
20559448
20134061
18024474
18021453
18006545
18003642
17953753
17947979
17720984
17644818
17623706
17553858
17500038
17392333
17309895
17277332
17172291
17169983
17138585
17127678
17101041
17021160
16939803
16921162
16756676
16569235
16204107
15972284
15608258
15287976
14597658
