5183126
5182994
5168813
5159921
5159906
5159859
5159821
5159803
5157023
5157014
5156939
5156693
5156680
5171841
5155297
5156548
5154164
5153868
5150234
5146945
5146941
5145899
5145872
5146814
5145186
5144096
5153289
5150262
5140270
5139013
5138846
5138827
5139139
5147461
5132248
5132173
5131473
5130276
5130264
5141286
5126693
5126689
5125674
5125005
5124997
5124567
5143357
5124311
5124289
5123577
5123256
5124433
5121895
5121649
5121591
5122959
5120312
5120147
5120484
5120462
5119837
5119432
5118907
5118723
5118697
5118623
5118429
5121332
5117665
5117531
5117530
5116468
5114695
5114303
5114764
5114739
5113962
5112587
5112525
5112362
5112848
5112738
5112694
5110551
5113049
5112949
5112852
5111277
5111260
5111192
5108817
5108746
5107957
5107940
5107896
5120378
5114622
5105143
5105131
5103495
5103206
5103463
5102354
5099956
5099257
5110227
5100228
5098112
5100841
5097849
5097384
5115867
5097433
5097361
5097352
5097351
5096714
5095673
5095561
5094676
5094027
5093996
5093967
5093737
5093713
5093412
5093341
5094076
5094014
5093979
5090865
5090224
5090222
5090199
5089977
5089765
5088687
5087912
5086848
5086072
5082909
5082879
5082814
5081961
5081511
5081191
5080838
5080580
5080576
5080521
5088522
5088521
5088520
5079116
5076464
5075214
5074596
5074511
5073891
5073341
5073332
5073228
5105883
5073746
5072688
5072351
5071865
5071765
5071335
5090126
5070854
5077270
5070370
5069870
5067504
5067373
5071646
5066260
5066223
5089131
5064967
5063343
5062161
5061810
5061736
5080515
5062943
5059895
5059661
5059634
5067006
5057266
5056366
5063805
5054603
5054529
5073992
5054945
5054626
5054579
5053492
5053204
5051542
5050522
5050216
5059443
5050705
5050613
5048419
5048299
5048293
5048167
5048141
5048140
5048113
5047636
5047620
5047442
5046108
5046091
5092045
5056437
5043270
5041498
5041324
5041099
5040751
5040705
5045879
5039700
5039637
5039409
5039349
5039302
5047222
5037454
5052669
5037646
5036865
5036789
5036175
5035732
5040222
5064996
5033974
5034662
5034423
5033252
5032245
5032015
5031349
5031250
5030761
5030657
5030298
5067114
5030825
5029111
5029104
5028831
5028395
5027104
5025893
5025752
5025453
5025167
5025142
5025050
5024485
5024441
5024133
5024101
5023943
5021991
5037126
5018966
5016939
5016927
5016887
5016792
5015085
5013396
5013074
5012073
5012007
5011974
5011655
5027296
5012434
5010245
5009710
5009568
5009428
5009308
5009302
5025782
5009682
5009640
5008832
5013662
5009824
5009821
5006965
5006368
5005354
5155487
5105880
5013636
5006367
5004182
5003874
5003873
5003828
5003355
5007901
5009817
5002099
5001701
4999823
5000421
4999145
4997791
4997703
4997095
5013236
4997669
4997663
4997653
4996651
4996460
5011218
5001667
5001246
5001239
5001204
4994377
4993478
4992865
4992731
4992691
4992267
4991000
5001201
4990298
4989189
4989154
5005524
4988053
4987651
4987049
4987012
4985752
5005393
4990378
4989891
4989890
4983049
4983038
4982697
4982375
4981870
4981852
4991883
4982211
4981961
4980020
4993939
4977876
4977866
4977721
4977902
4977847
4977773
4977645
4976368
4992511
4976794
4975890
4974811
4974784
4974769
4973073
4973035
4971525
4971518
4971691
4971676
4970254
4969678
4977474
4974650
4967902
4967895
4967854
4980583
4980536
4965170
4964585
4964330
4964270
4964104
4962523
4961970
4961695
4968868
4962428
4960572
4960269
4960257
4965713
4960687
4959001
4962959
4957860
4957218
4957084
4956657
4956651
4956275
4955376
4954952
5001771
5001765
4961791
4954588
4949467
5039382
4960303
4948880
4947915
4971739
4947293
5082607
4946208
4945935
4945008
4944153
4944143
4961833
5036860
5009176
4944831
4942932
4941795
4940414
4940403
5052312
4940881
4940874
4940857
4939524
4939021
4939006
4938541
4938382
4937402
4941050
4936702
4936233
4935943
4934789
4933888
4932630
4932518
4932139
4931513
4931502
4942903
4930832
4930593
4929460
4928941
4928864
4928112
4928086
4927697
4927094
4926300
4926112
4965696
4928598
4923884
4923869
4923198
4922567
4921789
4919874
4919625
4919029
4918128
4917114
4917084
4916266
4916217
4914980
4914511
4915045
4913914
4913692
4913741
4912085
4911368
4981251
4910245
4910225
4910108
4910100
4910093
4925953
4912626
4908380
4909098
4905960
4909989
4907080
4907016
4902960
4901439
4901288
4899892
4906664
4898720
4897641
4896912
4897952
4895336
4895221
4895121
5010021
4905614
4905609
4895974
4893840
4915959
4892488
4891893
4890524
4890502
4890121
4889979
4889602
4888481
4887883
4888752
4887059
4886428
4886211
4885882
4887520
4885606
4885605
4882596
4882523
4882522
4882867
4882019
4881990
4881963
4881910
4880966
4910601
4879732
4879556
4879479
4878775
4877820
4875737
4873734
4881735
4873212
4873016
4872343
4872230
4872224
4872156
4871856
4870984
4870750
4870696
4870247
4886093
4873664
4871511
4869931
4869388
4869341
4867636
4867603
4867578
4867433
4891458
4869170
4865862
4865835
4865509
4865485
4869604
4866016
4865845
4865221
4864925
4864613
4864164
4869995
4869742
4869741
4865099
4865096
4865003
4864301
4864075
4863157
4913819
4861853
4860404
4887558
4968441
4859092
4859067
4858888
4858663
4858740
4858182
4857381
4857115
4857103
4857076
4855439
4855233
4855030
4855892
4854403
4853852
4853737
4856181
4854218
4926873
4853874
4853861
4851789
4852434
4864538
4848565
4898894
4863105
4849425
4847876
4847855
4846868
4853163
4846009
4845442
4845430
4845325
4845066
4845000
4844994
4845491
4843525
4842279
4841970
4840866
4840303
4839774
4839750
4837395
4837341
4841227
4838832
4836240
4841229
4836190
4836090
4836068
4835843
4834207
4832343
4832241
4831147
4830928
4830832
4857755
4854515
4832064
4828802
4909101
4827201
4827064
4826505
4825623
4824782
5054806
4824436
4823852
4823264
4823820
4822295
4821530
4820913
4820705
4820692
5010013
4822037
4819171
4818858
4868537
4818421
4817125
4830720
4830706
4821874
4818439
4816338
4815185
4815114
4814871
4814823
4814084
4809877
4809598
4807880
4823500
4806509
4804564
4804210
4820619
4804540
4803215
4802914
4802825
4802729
4802634
4802093
4806637
4802899
4801420
4800422
4818803
4811773
4797132
4797131
4796898
4959555
4795931
4795926
4795702
4794898
4812280
4795487
4795486
4793686
4793243
4801132
4792144
4791965
4791959
4791926
4791883
4791797
4791596
4791370
4789788
4789406
4789367
4808548
4808539
4789277
4788957
4788350
4788200
4786272
4786119
4785528
4785432
4785360
4785739
4784788
4784386
4811778
4793311
4782181
4782069
5031140
4786677
4779991
4777544
4777532
4776412
4776286
4776278
4896239
4774922
4773756
4773608
4773603
4758378
4773003
4772163
4772093
4771932
4771726
4771725
4789371
4773478
4770430
4770032
4768150
4895264
4782688
4766617
4766610
4766474
4766472
4765163
4765147
4764930
4770861
4763445
4763273
4763228
4763222
4796339
4764296
4763071
4761963
4761937
4761936
4761933
4761882
4767056
4761192
4760130
4759687
4759598
4759594
4759568
4758610
4757586
4757102
4756167
4801062
4756862
4755000
4754912
4754750
4754688
4754417
4756317
4753501
4753473
4753329
4989879
4758788
4754092
4752512
4751475
4750942
4750851
4750897
4748301
4748279
4748235
4748683
4748530
4747569
4747542
4746671
4746627
4746574
4746306
4746239
4745086
4853038
4744406
4752297
4746064
4742887
4742875
4743236
4743097
4742980
4742901
4742069
4740858
4740793
4740394
4739524
4739109
4738311
4738309
4738297
4738293
4737900
4763816
4736114
4735861
4735675
4740350
4736614
4736284
4735970
4735588
4735323
4735321
4734768
4734345
4857458
4896971
4769169
4732815
4732765
4731804
4837222
4731997
4731573
4730748
4730593
4730199
4729165
4729133
4728400
4728065
4727783
4726783
4737754
4727405
4726541
4726540
4726488
4723623
4726282
4724133
4724126
4723085
4722114
4735748
4721684
4720447
4720391
4736989
4726086
4726039
4717616
4726080
4718083
4718294
4715339
4714920
4714849
4714843
4816187
4744825
4712478
4725931
4725832
4725360
4725359
4710996
4895785
4895646
4895279
4895247
4737026
4713447
4713433
4710182
4709001
4707531
4707498
4707443
4707239
4707226
4841208
4728574
4712971
4706689
4706673
4706443
4706424
4705467
4705461
4927921
4705764
4705636
4705620
4703369
4703299
4702420
4702150
4702094
4701930
4701917
4760409
4701666
4700732
4700669
4700448
4700402
4700186
4700130
4699813
5177986
4774232
4773921
4737680
4721243
4779605
4768991
4724641
4752027
4701012
4699205
4696809
4696735
4716518
4696342
4696196
4693412
4826206
4704494
4699611
4826257
4730177
4689866
4760270
4734263
4707743
4703864
4703832
4702634
4699360
4699211
4690346
4687930
4687928
4686986
4686674
4686642
4888874
4786896
4696407
4691340
4688397
4687880
4687149
4687121
4687084
4685312
4826179
4823071
4778613
5029194
4712512
4684276
4683959
4683181
4838348
4710791
4704491
4702564
4690404
4683977
4682141
4681839
4783339
4751564
4703871
4686796
4680964
4680886
4826240
4731659
4702774
4689271
4686057
4678883
4678722
4678648
4826187
4706562
4722177
4676900
4712314
4704493
4676014
4675970
4915505
4676434
4676132
4674932
5142013
4829074
4737653
4682415
4682414
4682375
4682164
4682110
4674915
4674888
4674882
4674863
4674859
4674844
4674624
4673612
4673532
4673434
4682390
4674013
4672924
4722175
4691095
4686663
4676511
4671683
4671662
4734171
4670519
4670223
4669482
5089374
4758239
4705665
4672312
4669628
4671457
4667894
4667491
5029181
4686048
4666900
4664954
4664953
4664864
4655982
4632496
5063130
4874582
4829945
4826614
4708065
4706827
4687548
4670960
4666042
4663505
4663497
4663253
4874583
4849109
4700968
4700298
4776331
4659783
4659659
4659204
4659200
4659159
4658477
4851459
4657290
4702909
4702907
4689484
4679019
4914138
4770211
4678834
4654848
4654594
4653745
4653638
4823338
4818267
4702888
4702885
4700956
4678833
4653947
4653908
4653766
4652178
4670005
4669060
4655943
4652402
4652359
4649031
5068762
4727153
4702878
4702871
4670728
4650922
4650350
4648499
4647833
4647476
4651320
4647491
4825570
4686054
4682296
4661888
4644664
4643971
4924658
4661195
4642947
4642335
4641911
4734611
4686085
4642660
4641706
4862938
4727179
4704590
4652563
4646231
4640836
4640515
4808029
4643313
4640240
4640233
4640223
4637887
4637883
4637841
4837474
4667154
4880019
4685837
4670006
4636795
4636377
4636304
4636149
4635852
4635383
4635350
4756654
4710222
4706066
4702830
4681644
4654976
4633731
4681352
4635967
4634583
4632014
4631835
4642848
4631357
4630653
4955611
4853298
4747164
4630921
4917679
4705791
4653821
4617958
4628252
4791256
4661793
4640069
4628237
4627824
4627775
4627574
4627418
4626866
4626775
4626657
4996404
4625615
4625170
4780757
4747219
4649937
4632850
4625573
4625540
4625479
4624812
4624643
4623505
4727203
4626853
4624711
4624635
4624004
4621437
4621408
4791265
4741895
4726925
4654423
4620938
4620479
4620456
4702819
4632802
4625199
4619739
4619317
4644496
4634356
4620937
4619599
4618519
4614801
4614683
4743622
4676537
4675814
4617174
4617106
4614350
4613730
4791255
4757025
4630370
4620475
4618338
4617184
4611156
4749436
4741888
4702772
4666781
4663675
4658288
4617894
4613772
4612467
4612430
4702776
4677880
4652590
4607977
4607939
4607885
5057353
4758287
4742137
4694295
4694224
4694218
4668224
4661409
4650210
4631780
4631772
4608307
4608266
4606809
4758289
4739763
4632749
4631929
4606501
4605610
4604457
4604324
4662584
4620465
4603768
4603692
4602108
4635328
4631203
4629389
4604098
4619910
4619840
4605313
4600321
4599967
4598828
4666684
4633719
4617879
4598960
4598065
4598013
4597608
4597103
4741736
4595830
4825736
4595271
4595013
4890650
4711995
4653157
4620889
5007634
4824571
4770718
5005364
4765793
4693976
4680416
4680398
4636410
4617413
4610234
4590697
4590260
4589653
4741452
4652624
4623444
4606080
4589538
4589385
4741439
4665311
4586720
4765799
4708103
4706053
4687702
4682330
4600382
4587749
4586142
4586137
4585932
4713339
4651756
4667439
4597169
4597058
4585899
4583433
4583269
4631838
4597190
4585831
4585107
4581423
4581157
4581156
4819829
4665845
4644211
4585818
4580636
4580625
4666398
4627084
4600103
4590669
4585741
4580986
4580356
4579437
4578992
4578934
4698687
4610257
4578781
4578688
4578651
4577103
4771959
4615630
4613331
4576078
4575464
4575430
4737105
4574480
4574216
4720418
4634377
4595648
4574158
4572612
4612132
4584938
4584935
4582176
4576903
4572678
4570674
4570669
4570560
4570225
4569977
4569862
4569851
4721539
4710368
4579843
4570295
4570272
4569563
4569550
4568496
4568411
5049740
4693473
4567271
4566848
4566308
4741559
4579397
4565967
4565966
4565581
4565553
4586796
4563552
4741617
4642569
4562633
4562155
4559962
4746011
4562606
4679504
4561710
4561685
4559289
4558632
4979977
4852244
4573221
4559398
4559359
4558960
4558792
4558784
4558732
5005833
4645647
4626159
4557936
4557916
4557834
4557600
4638031
4604252
4582188
4569756
4564067
4557825
4556694
4556644
4556519
4555033
4555015
4537695
4847639
4576363
4693464
4675100
4638046
4626122
4553261
4552890
4552754
4552656
4552361
4551367
4964291
4552468
4552303
4551683
4551485
4551098
4550934
4621105
4598984
4550631
4549638
4549339
4549109
4548952
4548842
4548203
4975377
4787795
4564389
4561322
4546821
4860148
4546424
4558430
4586787
4545790
4541751
4541733
4539680
4743157
4695053
4592996
4547404
4547403
4539981
4537561
4612811
4537452
4528069
4588628
4537314
4536526
4536519
4535771
4547339
4547159
4547152
4547148
4534019
4695035
4653389
4534355
4534026
4533956
4533317
4973823
4670460
4618835
4553823
4532362
4531511
4659747
4652780
4639927
4553830
4553765
4530868
4568949
4527835
4527715
4527592
4527571
4526881
4870396
4706054
4670012
4670004
4645610
4580174
4526369
4526308
4207244
4568506
4524728
4523872
4523861
4523839
4825539
4523174
4731432
4583851
4527280
4523044
4521464
4521339
4478474
4521392
4627065
4597147
4564077
4547852
4534592
4520683
4520569
4519732
4519691
4519268
4519256
4519252
4518884
4518527
4531169
4517500
4516973
4516971
4530213
4515826
4817051
4513635
4592449
4590660
4514889
4513977
4513034
4576154
4511969
4511953
4511863
4533152
4525178
4511796
4511588
5083810
4597146
4597143
4509904
4508829
4508511
4830686
4581825
4581807
4543396
4521180
4516193
4506602
4506605
4506601
4506420
4583054
4553128
4520712
4518295
4504221
4504166
4583708
4544385
4526412
4520759
4517998
4505245
4502639
4643626
4615596
4568025
4560624
4502522
4501277
4693471
4561997
4510693
4501820
4501785
4501563
4712124
4551935
4522797
4519165
4509860
4499810
4702362
4563351
4499222
4563136
4555230
4498328
4498179
4498041
4496851
4635942
4496795
4495687
4545684
4501159
4495944
4495654
4681511
4647866
4533670
4493709
4492103
4491878
5101438
4760277
4597137
4548209
4538867
4504923
4493118
4493013
4492968
4491234
4490697
4612346
4491426
4870394
4650714
4581765
4581750
4572507
4503556
4489882
4489742
4717906
4588876
4571305
4555736
4555732
4533697
4517324
4507008
4504429
4488587
4488055
4487233
4486872
4556940
4509574
4488326
4486310
4485431
4534675
4488272
4499400
4493956
4482045
4532584
4505959
4482652
4482044
4695145
4614685
4540348
4491176
4481470
4479874
4479346
4830893
4568969
4499914
4479485
4478898
4618841
4590607
4478040
4477367
4477208
4500262
4491549
4476796
4476723
4476105
4733735
4602072
4479082
4635734
4528250
4528249
4491894
4480904
4474661
4473141
4473059
4472255
4564321
4544055
4526047
4480953
4480278
4473262
4472614
4607739
4471235
4470683
4580681
4574765
4528734
4476133
4469303
4466863
4491803
4490555
4468152
4468146
4466794
4500531
4786978
4745136
4570537
4510454
4490401
4466401
4464350
4464252
4464145
4669823
4474540
4474421
4474418
4474416
4466273
4464066
4765883
4765857
4673299
4595991
4553834
4542782
4533764
4526919
4481701
4468932
4462156
4525078
4460895
4459455
4467204
4461837
4460419
4460046
4458573
4602057
4502471
4483225
4457090
4805435
4590648
4467812
4670288
4536450
4528727
4528262
4475899
4461095
4456382
4454876
4801425
4650632
4528246
4501848
4490780
4455917
4454073
4539573
4513096
4501846
4462009
4451555
5019301
4553162
4525932
4502809
4489156
4466500
4464603
4464023
4458712
4451519
4436662
4540695
4528245
4460923
4460611
4448552
4448502
4852745
4673298
4507782
4507760
4464538
4458875
4447416
4447287
4447275
4446272
4445818
4445806
4528242
4446847
4603304
4489280
4466715
4460250
4444281
4662488
4491883
4985442
4464707
4451276
5089367
4584007
4578799
4498207
4495374
4472393
4469908
4441380
4851109
4510433
4440721
4440643
4494059
4461014
4439139
4439078
4438872
4438525
4438259
4817623
4487184
4471293
4451017
4442139
4437996
4437304
4436583
4436019
4615594
4526082
4518834
4489290
4474778
4460464
4450280
4450212
4436224
4436182
4436163
4435908
4434955
4434919
4434893
4434839
4550090
4493810
4476235
4433718
4838196
4509205
4509196
4443289
4433233
4432979
4432969
4841833
4565029
4456789
4434543
4431856
4431719
4431313
4468028
4444560
4430919
4429749
4559533
4522931
4429103
4712639
4641815
4594179
4489293
4475915
4427453
4427337
4426692
4528115
4489283
4489218
4627340
4554190
4537825
4457141
4446756
4425669
4425498
4424906
4424491
4669718
4551906
4464270
4423409
4614533
4587995
4509448
4489257
4422705
4422696
4422523
4422407
4421864
4489278
4489273
4456640
4436056
4428251
4741315
4594180
4434171
4419354
4418815
4424514
4427947
4422549
4817632
4562456
4518205
4489271
4426166
4424410
4424403
4417114
4416930
4416928
4414042
4407731
4407720
4463472
4415769
4662475
4500038
4489282
4464462
4456720
4430922
4424494
4415676
4911901
4477287
4462612
4412052
4828338
4505474
4489297
4410737
4410610
4627344
4550637
4415580
4415313
4512307
4415216
4414430
4528236
4467049
4464272
4423768
4408379
4588869
4565503
4531078
4476464
4417516
4413995
4406609
4677479
4486474
4437445
4419265
4416191
4408443
4627337
4489294
4417974
4408590
4404318
4464704
4427924
4403903
4537007
4457552
4417277
4405875
5088503
4817635
4401794
4401789
4401692
4401551
4401337
4489307
4482085
4464322
4425736
4411651
4405844
4404573
4489255
4418886
4413257
4407242
4407080
4403261
4398489
4397996
4833070
4513845
4494957
4397042
4392834
4844184
4484714
4418864
4395146
4394890
4410541
4409712
4949671
4558178
4449552
4979674
4652617
4407711
4393113
4733223
4495369
4409930
4403382
4391042
4451288
4437893
4415653
4407426
4399548
4390360
4833072
4510024
4391232
4388690
4388573
4388529
4413258
4528626
4398926
4392734
4614626
4471338
4459602
4428447
4406021
4394173
4390252
4382287
4378140
4351755
4396151
4393574
4381107
4380459
4380362
4379880
4379480
4377852
4478535
4418856
4389229
4378997
4378983
4377623
4377328
4391585
4383082
4464090
4432305
4377205
4376865
4376783
4376684
4498281
4484429
4456996
4381462
4380928
4375325
4374536
4617540
4525228
4525223
4453523
4372597
4372362
4525273
4525226
4456036
4374128
4370819
4370704
4370693
4370670
4370485
4386546
4385608
4438442
4415485
4397673
4368118
4756656
4417154
4416938
4366266
4366240
4514924
4494906
4402579
4394615
4390597
4380247
4374211
4364731
4364702
4558669
4453522
4364562
4364457
4363627
4362205
4362084
4361859
4384322
4361543
4443091
4484448
4475398
4460980
4427584
4414885
4373061
4364658
4361718
4409848
4359519
4357960
4357938
4357451
4357066
4565786
4372042
4355298
4378866
4495295
4358728
4468335
4720079
4420611
4857705
4536279
4419791
4401637
4350445
4350103
4305170
4778566
4510098
4443804
4367845
4349868
4349708
4349653
4448286
4380926
4357223
4355367
4348417
4817425
4558401
4368453
4363786
4363678
4346582
4358404
4352888
4700505
4494971
4457114
4365963
4359441
4416656
4352242
4345367
4344238
4343184
4369771
4367857
4357729
4348553
4345040
4341549
4510070
4382932
4357185
4345035
4340931
4340628
4414163
4337102
4353441
4338146
4338111
4338058
4349462
4344806
4466840
4411498
4389302
4349482
4387554
4336329
4335276
4601253
4530010
4489695
4376056
4376047
4338795
4335087
4778489
4563720
4414135
4372640
4829434
4438941
4381708
4378387
4338589
4337560
4331424
4390253
4430267
4351599
4343279
4338851
4335296
4342237
4510055
4458711
4390248
4338609
4332506
4332478
4331137
4564124
4467227
4457110
4408416
4342795
4338562
4326283
4669548
4324776
4324155
4324142
5065018
4514065
4512936
4325156
4614950
4394972
4378160
4358659
4321842
4390272
4344508
4342812
4319778
4319166
4689191
4618700
4409855
4330942
4317708
4467392
4412289
4347202
4334629
4390258
4320821
4316181
4315469
4466632
4396592
4314589
4313704
4396270
4370243
4346181
4338343
4443685
4320540
4552122
4502651
4492872
4314801
4311913
4309719
4822650
4414739
4408411
4373106
4344488
4331812
4331807
4310610
4310222
4310094
4399440
4346873
4343275
4310093
4309402
4309023
4395846
4394960
4339634
4322317
4316752
4312070
4511331
4306493
4511932
4414210
4335418
4312473
4304717
4669551
4378628
4359317
4348776
4317495
4305532
4303425
4467395
4332150
4331712
4331710
4331683
4331680
4331675
4312456
4301647
4300513
4537869
4390261
4348775
4343181
4334774
4330348
4420238
4426835
4330584
4330573
4330319
4306671
4358544
4330361
4455951
4334917
4309212
4302028
4292477
4368090
4310909
4290534
4302521
4478690
4426829
4322558
4288238
4290978
4287622
4287608
4615558
4448473
4445636
4429360
4426834
4404845
4304862
4302352
4311802
4283448
4552121
4383314
4712455
4657437
4388891
4348893
4317170
4278915
4333877
4330257
4307279
4281243
4281219
4314413
4311199
4304183
4302602
4300605
4300495
4280217
4357693
4295147
4278897
4535876
4396153
4355213
4277406
4277354
4492993
4310620
4357691
4333391
4320484
4305015
4302152
4367906
4325948
4316636
4300494
4275036
4274898
4369387
4379398
4316623
4733496
4672734
4325423
4312598
4272306
4272278
4410657
4410647
4270755
4270462
4270183
4141641
4894410
4404162
4389901
4337719
4327156
4284807
4272767
4383998
4311192
4303301
4267183
4348710
4307466
4300719
4279766
4266094
4303661
4302099
4298116
4284644
4272511
4264963
4264506
4264481
4350029
4308685
4306820
4301748
4298957
4269931
4263716
4262766
4668859
4467411
4448774
4339591
4261811
4396603
4311215
4269961
4266212
4263464
4260676
4260505
4298954
4295278
4294260
4290689
4290687
4276934
4259112
4622000
4623439
4223920
4580247
4329483
4302147
4393514
4326806
4295301
4289026
4256526
4256441
4256432
4256277
4256271
4256091
4256081
4256067
4256011
4570199
4431620
4274732
4272368
4268797
4256903
4255042
4254740
4253996
4252261
4972397
4452464
4337736
4278345
4256043
4252257
4250435
4439871
4401495
4365348
4336917
4270085
4258754
4253145
4250176
4249615
4248751
4267163
4265449
4382906
4289377
4366310
4324440
4301063
4393688
4383984
4337743
4330341
4330337
4292761
4284678
4261556
4255446
4244629
4289215
4260198
4250066
4244207
4244146
4244101
4279158
4258300
4242836
4242644
4241517
4291054
4288257
4277227
4260349
4241506
4240070
4239568
4472466
4451456
4383992
4383980
4251984
4239042
4382899
4305515
4289351
4253626
4237351
4326022
4242595
4236011
4235308
4348976
4535661
4383970
4279772
4246458
4233464
4231307
4419975
4419951
4383960
4240838
4232558
4232243
4273424
4230748
4229683
4426742
4287838
4383956
4383945
4383936
4227848
5153324
5130349
4255641
4393692
4380025
4224484
4224449
4224422
4383919
4317399
4224266
4223108
4222236
4191109
4245947
4221195
4220701
4506441
4381616
4381613
4321542
4277218
4253406
4235833
4220167
4219818
4219746
4219702
4219401
4249609
4231531
4218804
4218802
4218723
4217762
4217553
4255636
4247387
4514035
4249064
4249029
4247380
4216927
4215180
4856157
4409162
4383890
4286935
4286171
4264144
4247386
4247319
4232771
4220491
4215868
4215857
4237747
4219025
4905187
4383895
4223754
4213038
4465579
4264639
4227755
4211693
4211544
4383876
4326029
4210445
4430201
4232996
4817703
4457352
4363349
4323005
4237094
4704339
4255334
4237086
4218688
4217187
4217173
4207490
4207489
4633972
4286167
4220495
4205851
4383872
4251041
4251037
4204855
4406191
4384036
4383878
4360886
4300104
4295375
4226119
4216352
4203829
4287589
4485990
4482759
4401625
4384013
4247565
4247013
4237100
4237098
4201532
4710473
4291685
4237247
4203024
4199761
4270579
4224354
4214595
4201353
4475541
4308667
4216051
4203938
4196925
4196738
4384019
4308668
4214395
4213195
4194441
4402216
4213311
4235140
4206768
4419191
4210474
4197137
4192642
4384016
4227768
4194462
4191885
4191879
4214431
4189419
4256510
4210312
4188627
4198622
4201740
4186327
4501634
4197235
4184821
4383713
4332878
4246062
4201327
4183485
4449157
4384010
4356140
4287954
4261974
4256507
4212306
4197311
4192290
4181336
4178684
4172467
4287948
4232569
4190348
4183952
4182551
4182543
4182533
4182494
4309412
4256756
4252591
4227180
4196089
4196045
4180266
4178297
4201863
4176838
4403757
4231724
4196018
4181829
4175728
4235149
4233285
4178005
4174859
4256503
4212123
4182786
4177421
4176963
4210192
4197741
4252505
4245175
4227423
4170100
4189771
4189764
4235010
4158989
4504739
4253593
4578249
4223310
4208828
4189853
4189772
4169492
4169443
4169442
4169405
4166320
4165942
4353346
4263510
4236884
4196468
4182081
4165766
4258458
4166537
4164526
4174337
4193135
4184317
4162580
4162560
4363943
4363937
4175592
4168754
4164201
4161751
4161396
4161295
4271147
4247008
4215206
4211263
4303118
4247154
4215587
4174321
4536029
4212279
4743591
4851164
4540198
4221415
4167957
4167139
4159370
4155593
4154648
4259009
4212283
4171560
4161884
4331583
4265141
4232539
4152332
4152123
4744461
4307103
4256489
4221731
4200749
4165433
4148256
4209755
4165399
4331574
4261873
4149371
4149362
4882165
4289277
4198995
4155611
4155609
4148352
4148237
4212285
4212281
4169639
4163428
4163410
4163169
4161863
4146514
4261023
4160547
4133763
4199709
4262598
4236598
4203126
4159107
4151374
4147923
4147907
4147901
4141803
4140748
4148957
4411368
4246586
4236746
4816032
4256512
4156989
4829076
4167974
4165361
4236760
4142607
4215754
4210651
4149395
4143936
4138711
4596334
4236689
4213073
4145684
4142055
4130584
4143139
4128721
4165371
4134122
4383999
4256481
4236716
4147158
4126697
4535456
4202312
4152462
4148386
4142189
4137083
4272635
4176763
4144037
4137093
4133603
4244535
4236729
4223486
4187119
4156247
4141962
4130715
4122378
4256479
4128851
4121291
4120686
4132902
4131037
4124477
4127082
4560354
4422302
4333150
4263286
4206713
4148805
4148798
4139193
4135741
4117221
4109492
4117641
4117537
4117489
4115268
4299500
4236726
4223499
4114786
4114748
4114262
4609018
4197862
4136566
4113278
4161221
4175554
4231638
4201335
4184959
4110660
4109960
4109854
4609011
4326686
4166727
4107943
4132720
4106758
4169166
4105537
4104836
4223491
4131070
4260991
4268311
4148370
4102878
4187571
4155005
4130998
4123684
4120074
4198915
4132723
4112206
4299490
4263295
4225517
4144720
4123579
4112213
4108274
4099183
4097103
4426160
4282101
4232189
4122099
4109777
4104440
4096512
4153621
4117956
4114130
4108790
4094554
4522729
4227096
4132712
4091869
4084410
4060837
4170616
4162335
4121153
4090155
4274418
4109533
4086894
4086726
4219530
4123949
4121398
4194134
4104724
4227095
4082104
4081875
4079066
4288400
4224201
4176421
4168749
4141640
4117960
4114697
4114696
4112214
4111116
4103495
4103489
4097622
4097596
4056272
4054307
3962008
4197828
4114167
4113996
4110427
4104742
4079927
4076832
4076247
4128855
4074118
4074094
4074065
4072981
5154493
4227037
4098950
4072795
4072764
4193964
4108180
4095733
4086755
4080773
4155061
4125731
4089025
4069104
4069080
4099115
4090438
4066933
4066265
4066258
4159002
4094775
4079911
4065059
4065045
4065040
4173021
4125733
4082629
4079186
4064030
4087284
4086520
4062469
4062459
4331073
4274413
4230332
4144468
4143637
4070073
4061089
4061066
4383047
4094451
4067512
4059751
4316736
4151823
4215866
4074380
4057318
4055858
4214523
4142207
4055653
4055606
4055569
4055564
4119578
4058954
4053319
4287175
4229734
4138577
4118097
4092865
4072169
4070571
4051695
4051268
4144119
4125741
4081100
4078858
4070558
4049842
4049608
4115274
4379709
4258188
4253643
4104318
4070083
4063979
4048179
4121471
4047090
4046135
4226683
4045758
4045242
4159650
4086092
4080319
4070563
4042125
4160817
4097366
4060751
4057480
4041569
4271781
4093871
4067069
4054300
4048571
4046197
4045235
4037450
4032857
4021438
4169061
4070551
4086074
4072944
4464826
4086064
4045337
4038895
4038894
4038628
4038484
4038467
4038461
4143404
4037227
4037186
4121623
4080437
4060148
4058285
4057599
4045074
4035286
4035269
4034345
4033838
4100094
4086117
4086107
4062128
4050109
4043705
4195496
4159658
4411367
4992087
4180297
4081066
4040487
4086070
4054612
4047885
4159659
4029965
4029852
4029821
4311773
4083410
4052263
4195493
4067740
4033618
4116514
4057907
4159731
4086078
4079959
4023135
4229886
4128259
4100540
4045322
4022655
4022517
4018984
4086138
4086116
4081348
4081322
4057749
4052073
4051377
4020801
4020779
4140258
4101578
4048454
4019968
4098650
4052702
4048456
4036646
4024759
4018430
4018338
4018296
4018277
4064254
4044330
4015979
4015902
4454526
4110715
4095699
4062926
4061198
4031492
4024737
4108926
4108923
4108894
4104505
4083122
4035072
4033392
4013006
4012993
4012952
4326935
4095003
4083108
4068255
4061923
4029974
4011858
4011697
4123867
4017141
4079361
4008525
4060482
4060469
4038574
4015632
4012471
4009614
4006751
4006720
4323098
4297910
4034214
4059961
4010757
4396816
4020407
4095820
4086115
4058045
4036579
4001129
3999940
4236883
4154484
4046887
4017807
4006456
3999041
4234489
3997344
4001046
3995809
3995778
3995708
3995644
4001036
4411353
4083118
3972795
4022211
3990644
3990627
3990548
3990534
4083113
4021103
4009255
4009234
4009226
4001360
4063566
4009339
3996546
3988181
3988072
3982986
4083111
4119550
4107155
4065253
4039159
4013620
4007543
3996537
3984150
4040530
4025573
4016856
4140899
4083109
4055453
4119022
4103594
4103591
4069612
4051163
4036580
4022245
4419758
3997850
4220796
4023593
4082372
4075522
4075304
4007978
3974714
3974653
3974652
4181071
4065249
4055872
4043560
3996886
3980118
3973694
3973600
4096555
4079061
4009841
3998945
3972105
3972102
4182295
4001402
3990763
3971751
3970191
4180099
3994249
4031623
3985200
3973899
3968145
3968010
3967928
4022391
3987146
3966780
4028058
4300291
4193716
4192052
3998111
3998049
3998047
3994448
3977459
3961179
4002922
4288084
4173180
4004048
3987793
3976935
3958395
4004165
3956890
3955874
4165810
3989370
4149000
4028079
4014224
3970152
3954835
3953747
4108846
4101703
4101702
4101701
4014287
4007559
3952827
4535984
4060285
4031746
3989774
3975403
3956744
3951414
4365872
3949565
3949006
3948898
3948775
4677487
4364065
4048258
4027195
3991499
3975646
3948431
4130156
4004176
4000112
3945866
3945295
3899863
4023701
4010297
3944406
3943924
3943740
3942572
4054849
4054840
3964062
3940700
3940440
4331014
4127404
4103159
3984892
3958079
3938749
3938579
3938484
3938463
4047462
3975954
3937269
3937229
3937222
3939656
3935930
3989385
3935308
3934852
3933868
4014283
3993959
3933672
3932480
3936875
4125738
4014293
3982767
3967026
4285118
4061729
3999901
3991396
3961546
3930642
3930576
3930561
3930520
3937576
3933321
4664202
4169985
3937001
3983682
3938254
4340707
4051836
3937033
4185886
4103490
4097353
4046194
3954160
3945768
3929428
3923830
3923765
3923661
3923657
4002100
3974129
3945032
3967023
3942293
3931328
3925372
3922185
3919755
3901456
3932722
4247538
4009765
3922035
3917222
4436591
3977183
3916285
3916258
3914923
3914916
3950524
3950506
3938046
3932912
3913702
3913633
4142438
4082049
3977812
3969260
4345400
4007059
3989035
3943795
3920756
3912411
3911563
3911501
3911396
3910560
3904526
3901477
3985673
3985667
3961449
3950266
3909255
3909230
3908920
3908883
4705823
3993953
3938846
3910011
3906199
3906004
3905279
3945357
3909937
3905029
3904913
3977192
3962490
3948049
3913622
4080446
4080427
4016706
3901728
3901657
3900926
4069396
4065264
4015186
3974348
3900689
3898298
3950334
3903050
3902002
3897220
3896911
3897182
3896334
4058371
3916021
4468040
3998140
3977809
3963571
3925320
3904696
3894996
3894565
3914352
3914348
3894162
3903560
3897929
4005802
3969562
3906749
3901417
3889689
3942029
3907684
3978121
3901372
3915904
3892020
3888430
3998126
3996699
3945331
3888459
3985815
3945910
3938606
3885390
3907832
3883700
3938622
3885269
3882224
3906910
4006852
3939825
3925986
4131723
3879319
3879311
3879213
4277201
4265850
4084718
3925673
3911030
3831179
3877332
3877270
3877262
3877044
3876029
3902429
3875567
3875478
3910354
3873387
3872818
3872724
3921346
3903988
3880012
3872036
3870316
3939041
4019981
3967113
3945902
3869818
3869774
3869669
4136507
4011815
3967109
3868548
3967106
3950692
3890622
3878852
3878363
3867458
3866686
3892009
3878590
3878503
3866256
3904201
3866271
3865091
3864812
3877761
4029759
4029746
3928528
3906601
3878677
4076470
3861392
3861242
3861124
3916659
3874330
4894382
3896950
3892043
3883706
3870255
3858237
3857533
4042234
4029299
4029147
4028974
4009786
3878884
3859491
3857324
3857210
4009731
3916649
4357831
4026253
3867649
3808556
4234997
3936711
3916642
3868466
3857778
3855388
3855290
3855151
4253131
3965058
3853187
3852754
4342544
3964809
3906994
4196276
4124533
3959882
3871285
3863956
3853422
3847776
3838149
3837820
3837736
3837438
3834653
4053992
4177139
3843729
3843713
3843161
3863530
3855943
3842959
3842546
5105604
3874456
3842317
4222092
3867794
3860149
3841158
4222839
3839908
3857905
4182915
3965090
3965056
3964971
3964938
3936722
4502926
3935183
3853752
3838352
4046670
3995413
3964965
3856112
3836787
4225576
4225573
3965049
3853924
4331790
4039375
3842655
3840609
3832591
3832451
3959952
3877743
3848080
3847961
3834599
4176301
3965113
3874675
3843255
3834536
3829969
3829853
3875824
3851598
3835703
3828211
3965093
3955372
3830539
3827317
3827049
4177205
3965026
3879619
3845156
3823964
3823927
3823883
3855898
4902109
4041076
3965034
3920754
3919571
3875801
3833265
4189813
4175487
3965046
3960540
3916650
3909039
3908383
3873541
3843544
3824113
3820735
3820578
3820547
3820512
3933632
3828012
4039310
3919568
3861659
3785969
3817162
3965043
3946695
3863995
3857629
3820936
3816993
3816576
3815156
3815060
3814884
3814816
3811284
3979832
3978466
3964976
3937590
3920955
3919619
3861704
3815023
3814316
3814300
3965029
3950724
3827826
3813684
3813575
3879614
3818014
3812177
3812149
3812136
4231470
4007517
3964945
3847709
3832011
3866556
3965021
4015612
4008310
3909228
3909006
3879612
3960534
3902919
3875894
3816767
3983654
3923348
3919142
3854656
3808538
3806783
4007596
3853332
3853211
3829657
3805575
3850185
3804472
3819657
4171131
3852386
3821658
3960530
3852967
3798322
3965080
3893665
3852507
3852131
3797786
3797755
3797435
4041485
4015830
3871820
3797126
3913783
3879608
3875766
3851836
3839319
4015281
3795748
3795720
3795686
3930310
3879631
3843078
3794902
3851258
3793908
3793170
3925395
3880142
3791467
3853472
3851986
3814080
3792069
3792068
3852839
3814056
4057467
4005386
3912559
3790783
4042526
4014807
3789837
3789770
3789763
4015887
3907108
3819658
3788619
3788369
3788361
4166496
4051262
4016278
3950337
3940161
3854523
3849475
3811393
3807453
3800684
3787389
3947470
3794086
3787104
3812362
3965002
3786231
3808329
3784411
3857647
3819741
3783430
3783389
4054018
3848769
3798973
3782717
3781334
3832197
3799312
3794642
3785989
3781068
3849071
4013145
3975050
3916741
3901295
3965361
3848634
3777940
3777921
3777916
3777873
3933630
3827637
3791736
3785389
3809535
3791994
3775748
3775314
4399701
3866551
3820872
3866081
3772387
3771953
3963449
3869018
3861721
3845089
3772027
3946645
3936340
3901290
3848888
3848470
3847098
3785766
3820668
3782118
3767620
3730603
3849502
3846863
3765361
3874417
3850440
3764179
3764100
3764019
4274015
3879405
3813303
3810856
3762865
3762830
3762807
3762755
3846593
3760832
4118176
3759380
3759020
3861891
3778243
3774028
3767578
3766679
4016608
3844564
3766684
3757356
3906811
3898689
3757060
3756741
3831664
3754980
3754969
3799469
3773804
3766588
3765354
3892176
3820940
3749951
3765349
4127982
3964804
3924405
3810846
3747584
3767544
3765226
3861917
3751520
3751413
3849420
3848818
3810086
3759480
3744575
3744538
3744438
3743918
3784585
3777115
3765282
4393059
3795498
3773329
3741321
3741141
3814357
3799442
3793056
3760455
3820948
3820933
3746099
3899918
3798781
3787672
3779800
3765495
3735515
3789550
3759901
3734239
3732916
3732229
3894107
3750590
3732412
3731235
3731225
3731224
3719808
3719794
3753393
3747450
3778161
3728362
3746874
3734042
3725478
3800528
3734165
3971351
3864245
3733613
3724940
3724878
4178218
3723795
3723528
3723489
3839821
3725151
3722197
3722188
3820950
3820945
3820928
3772633
3723580
3720659
3720256
3719017
3728108
3730202
3715729
3845700
3834854
4483177
4465129
3955718
3730340
3714274
3714256
3713729
3762649
3730389
3713027
3750528
3742271
3732971
3727179
3711819
3708732
3787152
3788059
3753570
3727214
3725001
3710000
3893591
3806263
3750178
3732920
3727994
3720263
3708931
3708896
3708620
4180284
3751905
3738137
3841314
3766266
3722529
3835492
3829707
3716681
3701697
3790292
3701055
3700933
3790297
3699649
4068830
3933372
3912678
3820923
3790295
3713788
3700463
3697781
3697581
3862410
3751929
3723617
3698028
3696096
4026850
3889806
3769971
3712008
3694895
3694890
3694812
3694605
3887924
3702487
3698152
3694114
3763065
3692545
3692446
3795363
3710860
3691122
3820922
3786259
3690120
3689780
3689722
3689438
3689437
3760148
3744068
3700945
3687229
3733828
3694679
3692113
3686866
3686745
3964312
3693007
3734798
3907168
3710099
3693200
3808520
3683052
3681748
3964310
3706845
3696827
3692079
3692046
3679525
3707564
3680226
3677904
3692130
3692100
3692096
3723604
3722524
3712222
3710502
3706941
3696746
3676427
3676415
4959038
3958952
3781642
3737552
3675891
3955726
3742549
3722520
3707556
3673915
3672180
3735399
3680227
3679792
3670937
3669762
3669753
3912758
3676112
3675966
3675961
3668363
3668357
3664101
3730342
3701112
3669416
3668153
3965314
3680326
4883732
4883713
3849156
3766179
3709742
3707553
4188273
3693894
3692073
3665574
3749863
3663798
3692109
3685534
4142215
3796057
3674721
3661559
3661480
4217627
3727018
3660316
3671675
3663717
3692116
3887866
3656101
3655949
3971631
3932707
3895326
3655285
3655059
3654918
3769319
3666437
3653946
3653101
3735707
3734585
3652851
3652821
3652308
3666440
3977660
3781708
4115154
3977659
3694690
3684516
3659078
3735841
3734581
3709136
3665234
3650010
3696646
3668039
3727022
3654872
3646763
3646752
3654945
4098828
3721160
3664974
3658873
3655873
3730319
3658915
3643936
3659472
3642239
3642089
4205101
3966295
3664468
3648498
3641112
3641060
3635280
3632474
3623150
3706760
3658274
3651407
3651351
3640091
3657406
3639264
3638162
3743258
3661075
3636526
3636197
3635989
3685188
3634068
3633016
3667736
3631255
3631217
3841011
3741217
3679350
3654349
3633009
3629124
3629103
3740483
3661055
3654709
3675596
3645877
3626917
3669790
4171679
3974887
3655468
3625227
4775253
3686434
3654037
3622881
3670759
3664812
3660174
3637268
3959225
3715584
3686435
3730329
3645707
3639854
3636314
3734567
3665296
3618335
4008267
3760013
3638621
3617172
3617171
3617128
3616245
3691285
3641212
3615409
4160307
3658277
3658267
3620544
3615021
3614996
3614522
3966620
3964363
3661049
3636113
3629923
3624249
3624188
3619155
3613359
3606104
4065613
3610904
3610820
3732833
3609811
3634689
3656802
3641221
3607608
3607566
3634692
3606295
3605104
3646403
3680783
3634187
3602546
3602376
4032119
3845760
3814498
3613614
3695300
3663730
3612614
3597751
3597736
3597514
3674901
3596348
4394501
3615466
3602672
3595291
3594985
3636059
3594230
3594155
3593623
3593336
3676679
3596715
3596057
3591846
3591264
3590297
3590201
3744611
3634688
3625506
3589417
3589390
3653729
3607043
3633717
4366006
4038447
3962176
3764470
3659826
3646686
3616286
3606427
3605469
3585940
3585929
3695287
3690833
3660683
3602245
3600232
3585405
3585402
3585395
3585227
3585017
3585009
3584919
3613455
3756668
3632109
3585449
4043349
3898496
3594430
3581547
3581534
3616935
3663784
3623889
3602886
3594946
3578923
3599072
3928981
3607136
4018836
3610214
3734826
3659762
3635999
3626861
3573124
3639806
3617325
3613709
3572105
3572099
3572035
3572011
3571956
3608227
3598893
3598643
3587197
3721169
3650342
3599136
3568139
3567171
3567119
3567029
3566597
4261602
3962093
3616743
3600012
3566149
3566083
3565968
3575953
3560529
3647006
3621653
3577498
3563666
3563536
3857031
3845612
3576906
3568562
3567750
3564987
3562735
3561877
3561871
3561863
3706894
3561376
3598422
3570733
3559784
3559729
3571888
3558500
3558492
3558488
3597148
3595527
3585059
3563769
3554629
3626877
3552699
3552677
3653749
3589674
3566722
3551969
3602153
3549822
3549818
3599410
3563404
3563401
3548334
3547956
3547793
3599859
3582273
3577516
3575264
3563857
3556327
3547006
3888875
3872078
3564850
3548703
3548679
3544010
3650350
3590769
3543448
3597663
3544117
3542460
3547501
3540420
3575813
3566827
3650322
3538285
3582261
3577944
4357780
3945388
3537189
3888149
3570722
3570275
3536783
3536620
3536619
3752851
3534668
4517945
4450149
4237593
4056341
3954751
3814399
3809828
3803102
3760437
3689575
3654867
3590240
3566542
3554128
3545316
3538345
3538337
3536104
3535917
3534319
3530685
3547764
3547176
3534055
3533172
3641283
3547520
3532444
3532432
3532340
3560207
3544734
3531499
3531495
3531492
3531383
3531361
3531315
3531284
3531279
3561971
3530458
3545781
3529307
4056374
3541075
3565264
3599673
3570438
3542637
3527566
3527407
3527363
3535367
3525592
3535723
3524319
3524314
3524085
3524015
3836181
3593943
3522684
3531075
3521700
3521394
3666915
3521185
3521174
3520976
3520943
4103535
3528283
3520108
3519845
3591654
3580410
3547811
3525516
3519578
3519537
3517980
4418653
3782309
3778871
3528886
3521215
3521214
3517581
3517448
3517412
3539862
3516576
3516550
3516534
3516532
3515561
3515549
3515483
3608878
3514269
3671605
3561001
3538056
4771372
3516488
3503137
3491664
3531226
3511506
3511348
3511311
3704155
3573979
3531160
3531062
3518963
3510070
3510044
3510040
3560210
3531051
3509123
4076960
3713713
3561000
3548458
3531147
3531115
3531079
3534564
3531108
3531080
3530881
3646334
3571968
3535399
3503555
3567860
3962152
3533544
3580497
3545891
3531181
3511238
3749234
3607949
3580493
3534599
3499507
3499256
3498740
3528489
3498369
3498356
3498232
3498148
3498112
3639322
3630015
3543716
3533650
3518462
3707843
3537083
3534413
3520577
4393061
3518257
3502861
3610154
3531102
3531074
3545286
3786406
3712731
3498971
3493483
4434939
3583134
3502322
3492444
3649846
3490126
3489908
3530913
3502784
3540430
3540427
3546138
3495584
3678258
3522156
3501250
3491803
3468883
3466004
4141078
3519097
3485322
3485224
4104200
3531130
3517229
3517224
3500995
3483307
3483217
3483025
3482696
3927314
3574047
3522270
3482181
4181841
3597018
3564018
3496020
3598864
3531134
3479095
3516769
3497338
3629856
3605281
3497783
3474764
3474735
3480696
3607922
3577491
3535280
3483157
3480875
3472352
3471914
3471894
3471511
3471360
3501570
3578560
3469501
3711173
3532186
3896927
3467249
3701964
3534196
3468272
3466210
3592423
3484648
3465288
3877719
3505188
4435423
3536907
4145670
3941980
3491835
3468316
3696999
3583852
3508366
3501080
3484944
3463223
3460194
3460192
3459866
3459426
3457532
3457517
3480286
3465961
3638191
3463914
3458843
3503487
3480285
3528620
3473263
3510506
3448617
3447961
3446986
4064718
3782362
3495236
3493665
3445594
3445469
3518113
3479604
3444455
3740779
3489981
3518139
3500647
3443200
3470922
3441550
3441533
3441512
3441499
3441465
3554462
3548307
3481433
3458242
3583194
3505158
3439733
3439726
3438710
3518135
3445822
3476340
3467300
3982715
3648747
3435306
3500413
3733483
3480284
3433480
3433472
3433439
3448498
3436823
4005326
3895333
3748606
3669397
3558950
3489628
3446209
3429923
3422012
3418731
3653586
3503602
3432115
3432027
3828055
3592407
3489559
3431475
3431368
3431336
3489556
3488050
3433856
3430699
3497880
3490713
3488144
3428335
3488236
3467751
3449386
3427247
5054199
3777680
3472464
3575290
3506249
3494184
3478170
3467740
3437826
3423443
3423383
3472291
3458223
4103158
3638920
3447684
3441220
3431909
3420874
3485987
3437441
3432190
3422691
3439933
3494187
3416800
3626710
3463447
3415418
3415404
3483240
3423939
4369923
3443426
3413702
3413691
3413685
3427054
3412851
3607959
3543775
3449375
3411821
3411682
3683624
3494197
3410380
4161212
3752339
3466103
3409258
3387325
3979525
3444927
3441063
3416867
3409079
3443676
3434236
3416581
3680939
3405992
3705109
4408903
3404399
3404098
3500578
3447720
3430598
3443675
3438935
3401231
4883718
3467063
3461469
3400583
3400575
3491383
3472210
3438356
3583171
3398386
3465464
3403121
3397956
3440197
3396611
3475379
3440217
3766734
3427776
3394800
4875392
3494149
3472459
3467048
3436846
3432693
3426847
3394205
3436193
3400982
3393794
3390413
3390390
3389018
3389004
3388576
4883691
3472228
3406829
4376995
3385936
3371241
3429338
3387268
3387006
3386993
3461241
3458571
3394389
3386243
3424689
3413395
3384650
3422674
3439272
3426484
3382591
3505485
3464734
3386881
3382205
3382204
3479663
3458547
3380825
3380418
3392438
3380000
3425193
3408345
3378547
3469163
3395893
3377704
3376453
3507654
3499041
3446318
3394336
3536586
3433362
3426489
3411196
3374795
3374615
3529704
3443057
3375015
3373533
3413384
3394273
3372450
3394334
3394321
3371859
3550515
3406916
3369956
3621391
3443660
3441226
3368933
3368000
3367952
3439892
3413275
3394302
3366959
3366954
3583517
3564560
3408973
3406920
3393588
3379571
3372180
3371699
4629647
3431024
3364980
3364978
3364935
3458885
3447736
3443006
3428680
3411424
3394291
3364249
3414706
3397482
3499078
3430208
3394298
3360736
3360606
3458522
3394335
3593976
3434013
3382822
3394252
3441763
3394337
3384175
3443457
3713068
3356400
3355338
3355333
3507229
3355062
3354560
3562392
3495401
3353887
3514294
3442569
3426428
3387714
3374368
3489716
3387089
3365185
3359783
3410437
3365354
3350496
3350489
3627340
3349735
3349722
3389769
3403920
3348049
3347464
3517340
3528629
3344888
3344848
3344829
3360086
3394314
3956037
3744239
3506907
3436686
3423195
3418849
3413526
3408858
3407687
3403919
3403900
3386794
3361690
3339379
3384212
3383540
3346022
3371832
3338778
3338678
3338605
3406964
3446303
3446302
3387320
3352268
3358549
3335030
3330810
4517822
3353531
3329459
3327679
3414803
3325236
3400743
3324541
3669394
3323627
3416963
3336973
3328899
3322119
4419739
3321019
3394952
3368714
3320594
3320573
3350576
3319548
3508620
3418852
3317670
3317178
3347668
3337474
3318588
3318394
3378455
3433351
4012336
3351729
3315547
3315483
4154234
3887803
3349233
3329766
3314565
3412962
3368734
3326244
3313983
3342218
5054489
3514201
3311038
3368716
3318903
3471354
3402926
3368779
3338090
3329404
3317213
3308130
3392058
3325727
3308695
3307705
3543700
3439672
3341616
3498924
3305459
3305360
4876815
3321526
3302817
3384335
3299764
3314981
3302882
3297581
3297570
3314920
3404396
3306705
3303588
3293857
3466056
3777487
3302335
3302312
3299976
3277633
3289664
3394946
3288110
3394939
3372225
3984840
3384304
3285575
3285573
3352041
3575114
3283617
3282753
3282477
3348024
3281924
3320167
3304402
3280432
3307116
3298459
3280254
3279424
3278985
3312932
3308151
3356053
3328412
3315716
3418847
3378898
3322866
3276573
3350911
3303734
3277212
3275597
3275580
3346789
3274533
3273729
3273468
3343727
3321179
3292622
3277444
3272041
3339576
3564514
3292266
3290435
3271076
3488975
3433890
3395838
3296647
3317868
3286991
3433898
3404398
3358099
3303594
3471347
3266260
3292289
3291262
3291253
3277509
3433907
3296913
3262799
3261203
3261189
3298464
3260258
3260225
3260142
3398333
3362077
3257844
3311718
3289914
3256171
3573770
3306829
3254621
3277141
3496117
3282273
3318445
4788492
4361040
4104526
3870464
3616387
3549617
3276191
3275800
3275796
3249374
3123678
3433927
3372295
3307106
3315310
3293931
3292679
3248384
4342234
3312997
5054448
3287571
3287505
3287504
4233152
3322580
3322579
3322576
3322567
3278757
3275473
3245316
3245297
3244697
3244448
3244383
3402047
3322575
3320562
3300004
3258644
3273898
3262069
3262773
3241627
3355816
3322577
3287481
3287475
3298275
3271751
3326306
3235137
3235126
3358021
3277082
3297814
3233593
3418843
3277772
3240818
4310555
3264545
3245119
3229523
3229498
3486783
3269861
3262886
3261843
3245158
3245040
3245026
3245017
3243906
3233135
3228777
3377915
3335296
3333180
3333178
3278830
3268237
3245126
3235518
3227661
3227642
3553496
3298547
3225364
3228514
3225078
3245075
3256886
3431717
3339314
3261702
3277253
3277250
3277249
3902046
3277628
3252258
3244998
3217360
3245161
3245147
3245094
3245032
3218345
3339426
3245176
3245144
3437490
3214036
3277622
3245150
3244772
3227643
3213160
3213159
3262844
3212576
4206221
3277752
3261712
3249087
3244997
3210812
3233530
3262854
3208586
3208573
4048009
3245084
3207917
3207809
3257920
3244174
3205581
3215069
3263363
3830942
3305925
3214203
3214194
3238057
3202526
3439136
3214889
3201949
3201947
3248018
3243165
3243134
3231811
3232372
3219564
3198806
3271738
3197595
3245005
3224482
3213014
3236843
3219791
3197281
3208663
3216907
3194819
3213042
3204250
3192814
3192799
3214162
3261708
3261707
3224234
3195953
3419137
3292440
3237089
3196258
3220874
3213080
3197509
3765067
3245181
3228863
3217955
3856943
3236911
3679520
3313669
3233626
3183023
3263596
3226719
3182870
3182572
3218309
3181346
3233820
3220550
3202803
3181334
3228539
3190406
3224192
3203875
3221533
3189133
3410985
3345956
3189100
3178621
3178576
3178554
3561908
3328908
3175625
3439086
3439046
3439033
3176307
3221537
3212712
3174973
3198872
3184282
3172300
3308066
3237087
3237069
3432645
3260501
3253658
3169617
3168506
3292304
3196357
3168369
3171123
3263550
3199453
4617659
4074286
3260505
3248071
3205876
3203449
3182270
3178910
3165511
3164726
3164707
3162328
3261326
3203352
3465072
3166172
3226415
3226410
3180695
3654671
3161900
3218224
3178671
3161081
3160348
3355533
3175642
4154494
3169508
3135184
3199332
3383003
3313656
3236343
3226409
3216548
3162938
3228555
3194199
3199763
3216539
3208341
3170566
3149072
3147800
3147711
3146471
3145766
3226254
3226251
3165888
3144948
3143154
3213248
3160433
3178677
3161927
3138752
3152897
3149583
3136440
3191569
4875178
3224452
3185791
3155920
3207250
3170171
3153081
3132748
3163234
3151671
3141417
3167386
3159981
3355769
3321577
3306029
3224433
3154366
3133372
3129253
3128407
3126495
3111743
3128100
3128096
3246345
3218849
3152903
3150296
3126818
3213010
3180735
3150046
3146452
3136315
3125813
3125809
3125796
3124472
3268584
3146275
3141583
3152905
3120879
3159983
3121428
3119053
3177180
3117834
3149367
3348665
3348663
3168985
3123244
3117351
3117339
3114846
3180231
3125315
3114646
3111474
3111417
3111414
3149962
5054160
3138507
3137220
3127972
3110186
3110175
3126783
3107937
3124538
3123203
3125219
3205852
3125746
3127957
3102718
3102677
3186196
3123330
3123238
3101234
3135956
3123237
3104757
4435841
3303602
3155295
3149098
3659419
3125348
3123543
3113945
3150481
3137088
3118786
3111290
3093567
3125757
3120702
3117832
3113237
3102890
3118165
3263853
3125767
3113925
3383065
3152445
3114729
3129144
3129143
3123200
3111387
3353271
3125745
3125733
3115880
3125749
3117350
3141273
3098789
3086902
3118763
3525243
3127210
3126396
3083081
3039702
3086541
3084760
3084730
3101653
3084283
3190264
3111371
3101951
3818992
3098717
3179275
3158275
3102219
3106186
3079585
3108467
3291832
3101530
3218865
3116084
3077411
3077363
3077358
3595532
3199298
3177612
3123456
3083346
3071696
3081018
3167204
3065707
3065227
3087688
3103365
3090528
3080295
3079638
3082270
3072303
3082272
3073865
3071312
3160682
3093127
3063783
3092104
3091056
3109953
3155012
3090070
3071313
3061871
3074610
3240668
3060102
3077072
3059204
3266123
3069162
3058578
3065427
3102290
3288903
3091239
3053386
3053347
3053345
3052369
3134562
3105496
3060864
3137736
3061884
3048384
3048360
3837631
3131418
3067468
3065973
3063684
3078346
3046111
3051904
3086140
3058016
3044758
3044734
3072557
3072549
3072616
3055854
3043056
3047304
3044119
3065591
3057419
3188796
3044301
3044280
3042160
3039688
3039656
3110045
3038413
3065694
3065688
3037883
3031552
3031521
3031508
3065683
3051332
3131855
3029374
3039570
3040281
3036664
3038154
3044219
3051336
3024392
3036622
3091303
3049413
3022583
3080811
3027118
3225034
3030533
3021793
3033822
3031230
3118829
3037081
3059023
3027087
3191915
4712382
4465214
4123872
3833809
3825173
3272699
3081528
3013110
3053583
3031722
3031040
3022632
3013074
3019228
3046487
3032476
3022651
3021862
3045797
3082915
3040534
3018167
3018163
3396428
3017193
3012048
3121540
3017515
3107555
3000479
3018377
3010689
3012471
3031041
3003487
2997376
3047920
3004804
3000367
3037835
3072271
3059952
3028939
2997069
3091791
2996313
2999351
2999340
2989995
2976280
3012047
2995124
3156954
3031030
2996120
3100848
3045580
3014979
3002378
2990718
3018815
3224671
3019816
3014840
3013740
2998519
2995125
2987840
3018142
3013720
3016911
2981572
3041319
2998496
3013724
3013707
3013706
3371392
3013659
3013657
3013708
3013646
2974643
3033679
2981879
3020640
3013807
3013641
3008643
2987883
3037559
3012138
3013689
3210485
3017647
3005334
2964295
3022391
3013024
2963615
3098580
3091735
2958119
2990642
2976970
2957424
2957407
3224704
3091725
3013788
3013789
2978221
2978157
2957679
2982160
3743540
3004338
2971579
2965702
2967561
2965181
3026252
2964540
2963317
2958306
2964682
3098081
3026363
3035454
2990637
2971582
2953006
2949387
4261600
3091682
3035632
3023293
2974927
2967261
2957308
2954479
2947773
2945190
2982154
2965388
3013761
3012184
2955093
2948926
3014409
2956735
2945318
3059934
3001093
2971575
2964125
2955614
2950064
2956103
3013758
2992593
2946353
2958747
2939022
2982694
2982692
2982689
3001121
2936530
2946304
2964118
2964116
2944280
2935449
2935430
2935413
2936742
2932691
2928499
2918166
2971604
2930875
2930196
3101854
2958743
2945781
2929334
2971598
2951089
2956860
2927425
2925884
2939597
2936296
3001087
2948618
2933700
2924243
2991587
2949045
2930596
3224910
2929227
3001071
2950081
2919392
2914802
3105695
2924336
2915925
3129996
2927758
2909577
2921367
4875280
2949014
2912648
2938148
2930436
2910725
5096389
3091648
3253282
2935447
2935416
2922254
2914706
2912892
2984229
2918355
2913931
2912306
2904377
2917411
2911661
2900289
2953921
4049880
3321268
3157287
3129684
2996939
2926150
2910028
2872116
2894937
2914729
2911846
3167038
2891587
2891586
2913403
2910024
2901998
2906474
2905340
2904761
3091628
3025746
2886346
2896911
2898799
2896112
3833236
3021798
2965230
2913394
2923896
2897785
2896660
2895630
2938059
3236069
2896180
3500165
3000051
2913333
2896198
2894520
2923499
2902438
2896149
2890502
2892419
2889877
3922679
3154616
2889840
2898649
2894510
2883956
2898064
2896202
2896126
2882935
2896146
2878301
2892459
2890499
2899902
2896092
2890327
2881026
2880307
2938121
2874817
2875242
2872004
2920530
2873542
2938061
2896158
2864754
2898085
3681515
3139977
2910116
2860166
2860161
2896167
2879285
2861633
2887046
2877021
2893464
2873318
2856835
3099227
2879739
2889574
2864236
2856677
2990952
2926602
2855702
2938103
2926611
2854686
2879776
2866518
2861645
2872001
2849098
2868837
2850316
3140958
2938100
2860244
2848867
2848862
2989461
2891025
2879763
2874223
2859441
2848581
2848541
2919712
2859380
2871243
2847380
2878851
2865497
2845630
2845894
2865768
2886855
2858750
2878514
2864575
2908710
2850332
2837392
2864572
2862419
2845087
2835740
2841596
2864566
2848195
2835936
2833297
2854231
2842251
2832689
2832675
2846914
2846907
2838756
4669221
3198888
3041547
2992755
2881265
2879143
2840989
2830428
2829042
2851584
2827538
2917898
2849907
2844999
2838870
3098113
2837032
2822853
2877989
2835567
2844997
2834675
2834616
2821412
2843617
2820542
2822535
2822532
3042666
2844990
4002842
2877977
2857002
2829496
2816673
2832827
2935528
2893224
2824729
4007699
3525973
2832059
2815869
2815851
2813862
2841598
2860897
2837039
3098100
2843650
2817555
2823619
2823677
2877978
2809109
2809107
3009535
3009494
2825225
2821373
2806904
2838344
2825224
2877970
2847715
2808052
2824411
2796172
2880970
2829162
2823685
2874485
2832254
2797611
2866268
2799044
2824678
3076596
3075921
2965033
2921326
2804786
2801777
2800055
2799344
2798829
2791203
2832283
2810305
2806761
2793527
2791166
2788232
2824494
2846187
2803859
2791446
2791862
2804737
2807926
2803856
2788213
3096532
3087299
2801700
2785480
2781113
2820674
2799378
2797807
2797535
2815657
2807368
2785475
2782142
2776985
2860235
2799422
2793256
2788384
2788373
2788370
2788369
2810111
3076061
2824489
2824488
2785976
2777340
2794292
2793266
2788585
3091328
2808911
2804305
2774520
2773440
2808176
2784781
2780417
2784802
2786264
2810114
2878865
2802051
2789202
2808973
2764345
2796822
2782351
2770623
2796819
2795470
2810662
2917833
2804986
2782796
2775589
2773059
2808960
2762604
3893884
2800233
2757866
2808934
2772859
2778357
2756588
2774311
2788933
2770568
2762073
2762066
2759078
2818311
2758592
2779086
2766391
3313274
3226197
3152789
2802851
2751824
2768718
2749441
2739439
4154490
3500188
2859197
2818626
2765286
2765280
2749936
2773677
2768997
2751996
2745575
2739292
2957483
2790306
2780624
2777987
2745692
2768986
2739297
2858611
2816023
2768985
2782433
3171427
2751744
2731854
2731838
2944327
2783409
2781755
2768971
2748086
2743649
2735983
3248796
2745588
2743717
2728537
2757030
2744654
2727484
2736652
2736651
2931582
2764428
2728399
2753031
2752617
3774564
2771330
2714472
2889494
2724977
2742584
2773251
2739670
2712681
2781757
2763962
2731052
2734845
2727520
2746002
2716422
2712750
2966329
2966328
2748305
2742402
2720390
2718354
2829640
4551074
2714559
2714316
2709265
2725705
2862646
2706316
2705030
2712453
2719670
2709625
2703874
2714575
4854203
2737552
2755928
2688755
2718501
2718500
2710865
2710862
2702278
2701930
2697634
2711619
2699438
2690836
2794347
2718497
2711050
2742495
2734921
2688081
2702358
2702357
2703953
2685017
2703961
2685030
2765821
2701586
2698414
2694488
2694487
2690495
2689962
2718524
2682202
2668757
2703986
2683571
4790753
2693143
2703978
2703932
2703972
2694677
2699531
2697172
2722773
2705386
2675056
2673040
2722780
2721137
2680807
2677739
3779321
3647533
3001128
2689762
2671163
2721260
2683874
2683725
2672614
2666155
2683814
2678665
2670881
2668176
2688930
3860588
2709199
2988197
2660839
2672081
2829300
2676303
2698796
2672541
3500230
2685637
2667350
2691004
2682798
2653649
2845307
2674432
2679711
2678155
2669097
2682514
2678983
2685100
2653647
2649002
2776706
2671525
2691001
2672633
2678928
2653638
2690995
2673449
3171421
2675035
3041575
2743411
2670612
2649391
2649385
2672114
3169942
2657789
2674431
2657785
2764290
2746992
2651117
2666812
2733244
2639726
2693957
2649900
2642659
2783600
2646237
2631151
2644678
2631154
2655681
2654801
2987696
2909654
2667946
2652206
2648773
2615111
2612753
2647827
2628282
2651587
2644174
2637233
2647840
2649164
4460995
2654039
2651797
2720692
2662457
4983424
3402908
2905821
2814305
2793329
2719765
2709757
2697920
2635916
2632172
2631488
2649132
2642825
2639439
2627893
2613460
4117197
2646283
2628924
2646195
2597745
2638629
2638163
2995988
2679069
2629782
2621207
2701443
2607222
2821048
2667696
2593674
2593673
2592657
2853975
2637860
2636684
2580820
2615629
2610033
2733081
2668030
2763427
2956129
2686479
2614491
2686497
2686490
2686448
2577700
2686536
2602769
2601049
3008556
2653061
2686600
2686565
2570797
3243351
2684442
2760881
2760870
2561054
2686562
2686466
3074406
2633870
2583086
2557123
2543109
2559867
2686432
2572628
2582614
2686461
4018421
2573892
2553845
2686607
2546449
2569944
2570368
2638934
2556670
2592716
2559896
2559883
2546694
2533097
2583067
2562368
2572702
2669808
2615490
2572699
2518834
2564732
3728697
3217184
2745214
2675916
2553348
2528087
2553347
2516606
3646620
2533025
2515340
2566540
2527501
2537576
2542360
2762351
2530886
2726282
2529316
2529314
4973579
2528192
2478640
2475545
2500033
2638980
2441434
2516364
2483290
2483997
2424176
2491641
2474592
2443398
2718642
2718639
2493398
2442548
2488357
2446383
4133941
2519161
2478690
2749725
2441606
2481427
2447721
2483364
2386257
2416653
2447731
2649005
2375055
2447756
2405818
2391170
2447737
2743399
2447774
2422845
2373374
2330299
2375972
2425469
2447728
2427162
2447764
2367637
2367633
2367628
2278374
2373292
2375448
2329701
2315675
2289880
2394496
4847137
2373371
2643943
2386865
2275788
2811368
2427257
2395039
2335094
2886281
2674807
2291407
2377430
3837340
2265556
2290744
2248622
2294115
2290939
2766186
2323403
2322946
2294108
2585513
2279125
2263022
2237900
2242834
2374703
2259421
2267731
2268660
2375118
2335306
2396740
2234165
2395260
2234147
2244593
2395253
2245906
2759148
2242696
2395240
2395235
2147076
2367599
2410087
2154421
2675848
2231381
2246260
2720036
2099599
2258178
2080756
2077926
2217660
4292069
2211326
2779905
2238873
2941992
2238868
2204017
2174485
2238847
2063582
2169266
2293276
2189715
2082048
2092437
2637184
2048726
1995735
1987344
1987343
2246282
2373897
2013925
2072939
1988853
2375035
1976336
1964806
2375023
2375021
2375020
1950899
2045083
2082327
1963338
2374991
2735470
1949386
2014778
1934369
1965462
5036659
1934383
1940025
1899117
1929125
2394766
1924866
1933155
1933142
1929080
1933169
1904360
2440409
2394752
1911199
1896182
1891292
1929161
1933132
1904249
1896166
1885811
3299369
1904274
1892074
1892073
1929140
1913807
1865580
1947944
1832100
1829176
1868932
1868929
1847948
1847944
1821340
1838668
1828749
1794218
1867337
1867331
1803753
1797191
1800835
1794234
2047827
1800352
1839130
1797813
1839128
3685583
3034448
1756913
1764475
1781218
1751531
1794594
1751555
1698476
1716720
1664705
1661597
1636696
1794592
1660554
1637120
2134916
1855200
1599745
1586052
1683576
1794543
1858641
1601971
1794545
1779605
2435252
1538848
1538788
1681512
1559649
1561585
1524999
1502140
1779511
1779513
1457052
1449885
1524990
1557994
1458360
1479339
1457034
1457029
1464137
1413562
1431734
1681483
1435774
1409799
1361621
1431712
1388242
1414114
1414109
1414088
1289393
1681444
1297683
2830740
1239926
1239925
1175993
2435250
1160192
1181626
1450429
1150368
1138975
2814446
1088292
1088966
1087473
548573
540049
540005
539745
1665575
545798
1299179
525680
1277126
507879
507877
441600
441549
1133755
419780
375526
353223
368431
403769
2172947
1241509
