5159811
5156904
5141286
5125599
5124289
5123577
5110519
5102456
5101674
5098112
5098432
5089999
5082925
5094270
5073882
5105883
5090126
5063370
5061854
5073525
5058496
5124055
5053609
5051930
5036101
5025661
5024101
5013446
5029052
5007011
4987333
4986384
4986254
4985139
4978452
4975045
4972826
4971676
4969671
4974650
4963353
4961950
4960849
4960687
4959000
4945013
4943724
4938516
4916213
4915275
4911944
4911122
4909221
4907256
4917914
4888752
4878788
4866393
4865126
4859527
4857381
4853437
4852432
4845430
4844133
4840215
4832195
4820715
4833821
4812608
4802318
4797768
4789277
4788454
4786152
4772532
4768139
4764846
4761868
4757102
4742282
4737206
4713078
4707498
5152620
4703140
4699901
4696668
4687093
4694088
4684370
4937872
4676628
4676146
4769078
4668206
4666900
4660280
4945619
5119477
4765615
4765567
4633230
4629128
4624435
4624368
4620479
4620160
4620155
4646793
4619074
4615975
4618737
4612159
4611156
4608158
4604449
4603673
4826624
4595845
4595644
4595048
4582640
4595600
4579428
4578939
4585378
4634097
4574940
4593099
4560400
4557972
4556655
4552647
4548842
4547134
4548489
4538382
4561210
4653389
4534355
4973823
4521825
4520683
4518210
4643120
4641837
4916486
4525178
4504470
4502430
4500931
4537647
4494010
4490682
4519003
4579470
4736682
4482261
4466863
4466372
4465747
4477197
4460400
4458913
4461095
4651819
4699409
4489156
4460923
4444109
4442152
4449903
4617937
4415585
4415676
4611512
4415091
4424502
4650893
4403903
4985733
4395145
4652617
5088605
4400316
4459602
4409971
4397621
5124494
4584193
4365722
4361400
4352843
4401090
4359441
4343183
4514221
4381497
4405468
4394967
4326464
4319923
4409855
4317708
4355181
4308895
4308075
4359317
4295881
4288710
4441222
4240957
4333391
4275039
4304266
4381813
4269395
4405428
4263022
4570199
4344487
4252896
4252261
4250035
4571459
4264263
4251860
4260076
4250066
4240592
4236011
4858121
4234624
4229500
4419975
4419909
4897231
4217172
4817710
4199679
4762204
4210251
4231733
4245699
4261755
4167238
4205614
4174321
4877025
4149555
4159108
4143334
4143257
4140793
4138337
4133233
4252829
4202312
4443942
4123730
4121239
4117417
4814443
4103885
4120142
4087919
4080450
4115531
4085040
4084810
4046393
4270291
4067075
4274434
4132847
4051631
4046952
4060771
4041496
4086074
4059887
4045339
4086107
4086116
4026710
4066216
4012623
4068904
4237157
4022055
3997360
4184019
3986271
3981832
4419767
3971449
3969316
3989665
4537416
3984984
3976802
4007780
3938728
4817604
4016497
4817605
4404516
3978116
3893172
4389678
3896815
3866152
4004673
3896950
3858359
4029299
3857230
3863975
3935183
4222613
3827099
3954713
3838425
3817041
3837676
3815063
3813576
3902916
3798343
3893665
3781167
3792187
3775427
3763187
3847279
3756753
3753538
4752846
3735989
3733613
3724923
3861915
3720848
3720582
3727994
3704356
3916134
3700933
3790290
3694152
3874413
3689815
3707059
3712222
3675119
3672877
3770323
3652871
3642106
3630219
3630111
3668051
3625956
3675468
3814486
3619186
3644003
3584146
3721175
3622305
3586053
3565699
4068610
3553035
3663195
3624846
3570639
4184104
3543927
3571429
3525592
3498201
3510717
4244006
4181841
3497776
3467245
3438445
3459935
3441465
4121986
3637657
3767461
3443426
3410884
3497117
3547244
3568475
3400262
3403920
3335118
3338373
3514201
3305924
3974406
4180040
3266872
3889125
3243262
3243257
3198795
3260507
3156713
3139605
3180861
3113244
3123947
3082228
3046238
2896202
