5178346
5103826
5129702
5085095
5105883
5071336
5089131
5053080
5051932
4982630
4971676
4985287
4928784
4869388
4825623
4823825
4820913
4780814
4761173
4757102
4736182
4734150
4711071
5147733
4743151
4669170
4702909
4803388
4765672
5028899
4642046
4620995
4743622
4569291
4534355
4973823
4551228
4600964
4485340
4462051
4602057
4666607
4447287
4491883
4427507
4424001
4416712
4423727
4423570
4392734
4383150
4381105
4368792
4409855
4263714
4271363
4260790
4986451
4254287
4253998
4236011
4383881
4294570
4341016
4170814
4133633
4154601
4124153
4108374
4094451
4058794
4062771
4070555
4102727
4229970
4086138
4021136
4014419
5012110
4017807
3991582
4209908
4009162
4018516
4102619
3948430
3966356
3958686
3969750
4001443
4327826
3945768
3967092
4009765
3922638
3912426
3903814
3959598
3998126
3885437
3907224
3873426
3861357
3964979
3843720
3879085
3836729
4003408
4004765
3817170
3816297
3852244
3851320
3789834
3837551
3782697
3901290
3844597
3964005
3846367
3799469
3765910
3875132
3972674
3694964
3713881
3691179
3747863
3692099
3727652
3712222
3702256
3662787
3702253
3654441
3692125
3692080
3636516
3673213
3644240
3640469
3678297
3606598
3678611
3698685
3581841
3820305
3548679
4336120
3605163
3582261
3605253
3901413
3922075
3527363
3522694
3520928
3521384
3722676
3511476
3511450
3588914
3531108
3610154
3539211
3605281
3483157
3471866
3534586
3465338
3464212
3508366
3501258
3770842
3468381
3519615
3413702
3409126
3421212
3418642
3386886
3698530
3397527
3394421
3364978
3355334
3514294
3359715
3376233
3356438
3394266
3355869
3361690
3338714
3446303
3334670
3507671
3316585
3342218
3327801
3308169
3392047
3314555
3274560
3334586
3524573
4259494
3870464
3277908
3293931
3232230
3245041
3287832
3329105
3245167
3245142
3216916
3204613
3268917
3243153
3195076
3197509
3283314
3187300
3228539
3198580
3204176
3215301
3180464
3196357
3167196
3482399
3159964
3157397
3179964
3145606
3144901
3154873
3146886
3207250
3142533
3225201
3110499
3107214
3213123
3102043
3082765
3125723
3082271
3061897
3048376
3072823
3072557
3036712
3032379
3046593
3024222
3279189
3017751
3021011
3037078
3000367
3156954
2998519
3041292
2967744
2964294
3026360
3003545
2956103
2946353
2935421
2932713
3017783
2997605
2944195
2926787
2929100
3097064
2892096
2909219
2898770
2896195
2997550
2896117
2896126
2896096
2872004
2896167
2874806
2859996
2881407
2913666
2872655
2884520
2845581
2835740
2813256
2825225
2826331
5003049
2849313
2802040
2813854
2825752
2788369
2824489
2786002
3225860
2784758
2775589
2791103
2776027
2762066
2786652
2765977
2764712
2808867
2736564
2758837
2761902
2865126
2725318
2723048
2988213
2747849
2717919
2720980
2714316
2747124
2712453
2735661
2711083
2697637
2670951
2794349
2718524
2703900
2703976
2689195
4160033
2688930
2682519
2694122
2656534
2664697
2644678
2986489
2637233
4983424
2640387
2646195
2600579
2590963
2636684
2620273
2639003
2686497
2601049
2691871
2988202
2612419
2584015
2686432
2686461
2638998
2556685
2493022
2447880
2576196
2530881
2424176
2718638
2515154
2447754
2447789
2423434
3687333
2447731
2447756
2447767
2447783
2447774
2336810
2324197
2447728
2349298
2330044
2323660
2290817
2248622
2294108
2277412
2276318
2375118
2700351
2238930
2759121
2238947
2254652
2533588
2045144
2228312
2413014
1995545
2724864
1964534
2001198
2039856
1988837
1963338
2323235
1940007
2139992
1940024
1899113
1933187
1933130
1933239
1885848
1840087
1802011
1805499
2215062
1899106
1764472
1751554
1657047
1636673
1669780
1669773
1669749
1705507
2789699
1513268
1539029
1538870
1538798
1482722
1524990
1810316
1434774
1363365
3525150
1347483
1347447
1414113
1208856
2746451
1190157
1637031
1160236
1160198
1160124
1177925
1174863
1087473
550656
1560882
525693
545600
2279833
509275
441622
441540
368161
535408
395836
373441
337034
2879046
2709528
314292
1997308
1462874
2366925
1479900
140019
2244208
2244094
2232139
