5168813
5154134
5138592
5135045
5131443
5127045
5122881
5122841
5118793
5115672
5110968
5109843
5104335
5102890
5099911
5022708
5098112
5097351
5094027
4955027
5112579
5088520
5079116
5093649
5074511
5071865
5090126
5075777
5062835
5061854
5049800
5045612
5043177
5043526
5110243
5035442
5025661
5016883
5016853
5011974
5011912
5007014
5006416
5009817
5069339
5008050
4993757
4993150
4989362
4989143
5005524
4988711
4987351
4987333
4986384
4980617
4978405
4976386
4972826
4969671
4977474
4968194
4967864
4965897
4960706
4960560
4957117
4956264
4949247
5065888
4944131
4942769
4941579
4940414
4939006
4937605
4937402
4928112
4928095
4927098
4926091
4924867
4921837
4920434
4919013
4915616
4915275
4914562
4912640
4905611
4892581
4892488
4888481
4946903
4879636
4878813
4876508
4874668
4872533
4871530
4861959
4860858
4859092
4858888
4858924
4853874
4848518
4849425
4847911
4845442
4845066
4844964
4840211
4832203
4857755
4829417
4823696
4821530
4821874
4816949
4816338
4814934
4809620
4809517
4804509
4801402
4797184
4795602
4792376
4784276
4782986
4782313
4782286
4778120
4777532
4776131
4772381
4768153
4782723
4811760
4764846
4833826
4751494
4749335
4740367
4735675
4731493
4731060
4727805
4723623
4748025
4726386
4724133
4726080
4730354
4710005
4707541
4707277
4705636
4700940
4696196
4689399
4824129
4782175
4691172
4838348
4679980
4678722
4678720
4682858
4682164
4674915
5029195
4697386
4674855
4671028
4669165
4893116
4743744
4718733
4666663
4664553
4661569
4661322
4660280
4658017
4679040
4654840
4655910
4650369
4650296
4650858
4646361
4917452
4642947
4642660
4641706
4652563
4639738
4685842
4631440
4702820
4712246
4624774
4620479
4619728
4620995
4618947
4618737
4619301
4617890
4616621
4640804
4640754
4608826
4662302
4816203
4632749
4602153
4631203
4600256
4599893
4599883
4982032
4620871
4593651
4593602
4593560
4670066
4603746
4650184
4606217
4590697
4593674
4597169
4582640
5009955
4579586
4607114
4572678
4718207
4562698
4571709
4528418
4573221
4592696
5014176
4728197
4557825
4556712
4555035
4693464
4652621
4552863
4551857
4564578
4551485
4548842
4787795
4547134
4542323
4551554
4534355
4973823
4670004
4539439
4523711
4521703
4520683
4694810
4499910
4528592
4492968
4488489
4487233
5009931
4541684
4476755
4471934
4467979
4477476
4461561
4474415
4793929
4462096
4468855
4459700
4502471
4670288
4461095
4454877
4449232
4445501
4650681
4460623
4410377
4438610
4438065
4509196
4438470
4429103
4428224
4427483
4489273
4482269
4611512
4547612
4415216
4408095
4448877
4406561
4692090
4401723
4622655
4393318
4391834
4510819
4388826
4388529
4570119
4400316
4379467
4547263
4378989
4376945
4376880
4438442
4368576
4404591
4364883
4448833
4360728
4565786
4418921
4476157
4352066
4351619
4401090
4349708
4345333
4345367
4351585
4443609
4381497
4349475
4337102
4333291
4359483
4331137
4448804
4324155
4330942
4334629
4315436
4310093
4339634
4303276
4681347
4378867
4426835
4861313
4295881
4288710
4499459
4316623
4378270
4270772
4266665
4986457
4252261
4292994
4248287
4256162
4251860
4337743
4239042
4236100
4236011
4234624
4233464
4383936
4224266
4219746
4219401
4218828
4218802
4247380
4214749
4214615
4383874
4210181
4213475
4329066
4206702
4201489
4667398
4275089
4213311
4213483
4191887
4233739
4150298
4245699
4181336
4182424
4299661
4178056
4173324
4287105
4764101
4363943
4161294
4174321
4154874
4157685
4151086
4136351
4163359
4155615
4160547
4143257
4243706
4159107
4147926
4166422
4165361
4133688
4133394
4144070
4388137
4143041
4609018
4278451
4222437
4132486
4102878
4099140
4087249
4122099
4090190
4105126
4105546
4160112
4135395
4066265
4024303
4268260
4383047
4170793
4104722
4179962
4049842
4049820
4047528
4065681
4041496
4169061
4057599
4035269
4031119
4033041
4052153
4158620
4159644
4030204
4022619
4016147
4052286
3973353
4070055
4022055
4243450
3983599
3981740
4001402
3967931
3966763
3984829
3961365
3957024
3974595
3961149
3939454
3938831
3933461
3937033
3925371
3922933
3922772
3967023
4009765
3925997
3916229
3922430
3914803
3909882
3920845
3909050
4107089
3902002
3892968
4053825
4131723
3962300
4187319
3950275
3877685
3901540
3873990
3871659
3883547
3932616
4029746
3859641
4029308
4023302
3934107
4225576
3835854
3900196
3900154
4104206
3827084
3823927
3832646
4175487
3829999
4012763
3814887
3819652
3813781
3879614
4007557
3812058
3804472
4016585
4015830
3851814
3794914
4126065
3795531
4258110
3922235
3777921
3799479
3772027
3810856
3759000
3754322
3753924
3757060
4054853
3848818
3761591
3814386
3738538
3732916
3723338
3733769
3723667
3720582
3716815
3715503
3704643
3753568
3701712
3694605
3691221
3681748
3705632
3683336
3679940
3761843
3730342
4054099
3674655
3655160
3654875
3642143
3632530
3620664
3618514
3618335
3691668
3597751
3653729
3584146
3585449
3764933
3581479
3578923
3711653
3572136
3572121
3598893
3605242
3610166
3564258
3614482
3574438
3537189
3534668
4119817
4075319
3545767
3528724
3527566
3526608
3525646
3520944
3528283
3668652
3671605
3519324
3491664
3575321
3652779
3599689
3534413
3492432
3574047
4181841
3474837
3471847
3481395
3509492
3532125
3460924
3583194
3438187
3543179
3502170
3465231
3432190
3411682
3539921
3425208
3441063
3405991
3409242
3461469
3400608
3398002
3429645
3432693
3437557
3457867
3436796
3772777
3441119
3380000
3534414
3408345
3579968
3443660
3364978
3428680
3406966
3356279
3492001
3476434
3528629
3496579
3343044
3414405
3403900
3383540
3446303
3387320
3398552
3329483
3325236
3322137
4729207
3316596
3315483
3314676
3314014
3357149
3394946
3307026
3343727
3290435
3260449
3258347
3509540
3513955
3266611
3351831
3275800
3248437
3247226
3293850
3245224
3320562
3287479
3658281
3251081
3264545
3278833
3282787
3219664
3214036
3244997
3208573
3207936
3209311
3182313
3215679
3197525
3192799
3207194
3181317
3237087
3237069
3260507
3156686
3169508
3181420
3162516
3156794
3160433
3136524
3168319
3136421
3114846
3112315
3111062
3117718
3098866
3118167
3115853
3084283
3082228
3066176
3063006
3046238
3038849
3033371
3116265
3027651
3024257
3052927
3030539
3022652
2992742
3009790
3163460
2999350
2995904
2995124
3003113
2973833
2957692
2953485
2965020
2953006
2955605
2936742
3101854
2928780
2923113
2913931
2912890
2978377
2900212
2894047
2909217
2901446
3091628
3236069
2892504
2874528
2939034
2833297
2855863
2829581
3955896
2836564
2759078
3152789
2751996
2757031
2723924
2721836
2714305
2699032
2690833
3647533
2686685
2685108
2691001
2657785
2612968
2632920
2600670
3352384
2556336
2504294
2396182
2373292
2254192
2094735
1839110
