5159919
5157985
5157984
5157014
5153908
5151130
5151129
5166821
5146931
5146729
5146907
5145186
5145164
5138843
5138607
5138191
5139010
5132212
5131988
5131489
5131312
5131449
5129014
5127656
5127573
5126576
5125683
5125103
5125007
5124994
5166546
5123412
5121649
5121583
5120832
5120353
5120297
5120530
5120489
5120471
5120462
5120459
5119432
5118885
5118702
5121336
5117516
5117508
5116673
5116179
5114652
5114772
5114726
5112590
5112573
5112267
5123387
5123381
5110979
5110542
5113037
5112903
5112874
5111272
5109294
5109231
5109047
5109738
5108042
5107913
5107900
5113913
5106032
5105123
5105060
5103495
5102408
5101531
5123339
5100881
5099876
5099572
5099142
5100841
5097440
5096693
5096664
5095455
5094751
5094706
5093966
5085052
5082879
5082229
5080735
5079574
5078843
5078841
5078799
5078498
5078142
5078952
5075783
5075206
5073882
5073873
5073823
5072351
5070780
5070187
5070123
5067504
5066275
5065984
5095318
5065702
5081438
5063315
5062119
5064021
5061422
5059985
5059688
5058556
5058498
5058335
5057145
5057125
5057266
5056170
5054523
5054004
5059727
5059674
5053516
5053117
5052597
5059489
5050522
5050516
5050432
5050206
5066585
5050024
5048305
5048293
5048190
5047620
5088282
5073805
5054825
5043275
5047719
5042544
5042406
5041578
5041401
5039761
5039698
5118659
5045242
5037456
5037390
5159258
5037646
5036841
5036034
5035993
5036152
5034274
5034271
5033971
5034618
5034430
5033492
5031250
5067114
5070950
5028059
5027586
5027110
5028417
5025855
5025478
5025244
5024320
5023150
5023115
5023113
5022190
5022012
5028088
5021328
5017677
5017653
5017628
5017601
5017586
5017021
5023955
5013468
5011915
5011882
5011741
5011847
5012434
5010673
5009456
5009432
5009378
5009351
5009315
5009311
5023837
5007497
5007806
5007012
5006032
5013715
5013636
5004806
5004130
5003874
5002203
5009820
5000296
5012310
4997091
5012327
4999498
4998075
4997769
4997766
4997663
4995779
4995651
4995622
4995483
4995472
4994475
4994306
4994100
4994084
5001235
5001229
4994259
4993470
4992165
4990973
4990928
4990837
5007369
5001201
4992158
4991119
4991002
4989154
4988977
4989375
4988698
4988672
4988628
4987992
5004045
4987056
4987012
4986275
5057507
4989900
4983018
4981849
4982521
4982114
4980661
4980621
4995342
4980790
4979964
4978973
4978967
4978957
4980490
4979190
4979145
4978490
4977621
4977549
4976869
4976357
4975896
4975739
4974698
4974613
4973957
4973109
4972368
4971532
4971612
4970800
4970254
5004077
5004075
5004071
4977475
4968839
4968012
4967328
5012864
4966782
4965761
4965170
4964333
4963023
4962428
4961407
4960664
4960761
4959750
4959749
4959717
4958634
4961843
4957888
4957803
4957230
4956747
4956745
4956304
4956237
4956113
4954819
5001758
4959372
4951798
4951031
4951018
4997237
4947172
4943598
4942964
4942934
4942460
4945959
4944831
4942931
4941795
4940386
4968451
4940985
4940830
4940502
4958422
5043072
4941121
4939021
4938952
4938532
4938517
4938405
4937599
4937416
4937235
4936089
4935956
4935954
4934856
4933977
4933916
4932878
4932509
4932681
4932196
4931692
4942903
4930834
4929448
4931327
4942636
4927105
4927094
4926062
4926057
4940164
4931233
4924856
4924270
4923252
4939337
4931033
4919667
4919649
4919621
4928145
4919856
4919052
4919045
4917556
4917104
4916596
4932167
4915705
4915096
4913423
4911353
4912642
4911124
4909759
4912626
4908701
4911677
4906801
4906522
4906352
4979466
4906823
4904357
4904279
4965258
4906396
4902919
4902184
4901289
4900581
4898817
4898725
4898684
4957589
4914736
4897824
4895433
4947127
4894642
4891926
4891832
4890804
4937731
4898422
4888666
4887981
4887915
4887895
4887883
4887024
4886457
4886413
4885873
4904104
4887520
4932164
4886696
4884392
4884683
4884361
4884357
4884355
4882864
4896275
4882820
4882026
4893646
4878043
4877005
4876452
4876328
4875670
4876462
4875640
4875603
4873291
4873225
4873210
4872164
4870815
4870563
4871351
4871335
4869265
4869019
4872275
4867619
4867976
4869176
4893325
4866030
4866012
4865845
4865200
4865046
4879231
4865099
4865096
4864377
4863247
4982478
4860710
4860563
4887558
4968972
4968441
4859473
4858311
4857247
4856285
4856261
4855877
4855815
4855522
4855472
4855354
4855186
4855174
4857405
4855718
4853852
4852908
4852903
4852193
4889715
4889714
4851789
4851420
4851390
4851361
4850677
4850367
4849794
4849638
4848534
4898894
4846648
4894758
4891697
4845005
4844599
4844162
4842279
4841970
4841587
4840954
4840452
4844683
4839732
4839633
4839614
4838850
4839084
4838331
4838307
4838236
4837379
4837615
4836665
4835767
4835765
4835854
4835825
4835061
4834551
4917338
4986301
4859898
4833425
4832459
4831838
4831167
4831153
4830457
4829857
4830059
4828651
4828458
4827202
4826652
4826512
4825995
4824497
4823716
4823697
4822853
4822848
4821617
4820697
5010013
4979526
4822037
4822034
4820227
4820109
4819192
4818440
4818104
4821877
4818393
4815022
4831128
4812243
4811913
4820618
4814129
4811553
4811429
4810430
4809598
4809492
4807773
4806925
4806539
4806466
4805586
5008257
4804490
4803270
4802825
4801858
4801852
4968450
4860887
4801396
4801358
4796911
4796898
4796791
4811767
4795931
4794862
4794764
4794722
4829751
4824563
4795486
4794185
4794173
4927832
4792104
4791795
4791632
4805542
4792199
4789739
4808532
4788446
4788152
4786823
4786553
4786544
4787035
4786116
4785432
4784905
4784738
4784391
4784286
4790538
4783069
4783004
4782372
4782360
4778315
4778122
4778019
4777381
4776145
4776125
4776098
4775036
4773987
4773875
4774191
4774101
4773219
4773074
4773015
4773011
4772307
4773505
4773478
4772681
4772532
4770430
4770032
4889642
4769846
4769560
4769529
4773428
4768944
4768257
4768411
4767821
4766493
4770866
4770084
4770082
4766714
4766096
4765060
4785192
4781997
4768683
4764898
4764768
4764764
4763071
4761945
4761192
4759813
4759743
4759560
4759627
4759368
4758637
4758628
4791846
4756862
4755013
4846932
4756313
4752805
4791844
4752496
4752344
4752296
4751708
4751702
4750973
4750092
4749995
5128196
4749955
4749282
4748411
4748229
4748588
4748538
4748498
4747582
4747576
4747532
4747468
4746827
4746574
4746269
4745068
4743437
4742884
4742856
4740858
4740843
4740759
4740755
4742841
4742834
4738356
4738320
4738268
4739094
4740398
4734831
4733510
4734151
4801097
4749506
4738337
4731966
4730746
4730199
4730185
4729948
4744183
4729482
4728481
4728065
4727386
4726760
4726605
4726593
4726516
4726497
4726449
4726192
4725962
4725750
4725743
4724118
4724083
4722718
4722613
4730314
4723047
4726315
4726068
4718516
4717548
4716144
5019237
4714426
4816177
4738716
4709570
4709449
4713433
4709166
4707489
4747889
4729923
4706436
4705753
4705616
4705459
4785573
4704413
4703969
4703778
4728538
4703369
4703299
4702374
5068868
4760405
4700750
4698792
5056625
4868723
4834896
4701976
4693615
4679386
4907800
4754083
4725488
4702030
4678288
4697333
4696650
4872742
4778632
4770500
4762218
4756840
4730286
4709758
4709621
4699908
4699850
4696255
4695086
4694766
4872072
4700124
4692419
4905454
4694073
4868746
4838354
4749566
4707102
4699357
4690757
4689518
4689374
4688995
4687939
4687867
4687843
4783335
4703831
4701013
4687046
4685631
4699014
4868702
4826179
4778623
4703882
4699334
4699248
4687717
4684329
4683974
4683939
4683744
4683740
4844220
4702570
4683046
4681784
4868687
4809734
4762670
4695814
4684407
4681058
4680864
4679826
4679819
5064610
4856962
4731719
4725451
4693114
4686057
4684904
4826182
4701559
4691640
4677315
4823108
4676870
4791225
4732199
4760434
4691557
4676434
4676116
4675533
4849468
4845292
4823126
4823095
4823093
4791224
4708922
4674888
4673759
4894540
4818095
4732464
4682390
4681895
4681883
4676282
4676281
4823107
4816493
4752002
4671726
4671614
4671598
4671004
4684865
4811507
4686825
4671203
4670218
4720888
4712333
4686853
4672312
4672311
4672310
4668376
4668367
4768069
4686821
4668002
4667990
4804762
4778626
4718728
4691950
4690860
4679486
4677515
4668234
4668207
4666637
4666617
4666329
4655982
4647182
4623334
4826614
4720992
4696516
4687587
4687548
4679000
4677255
4823100
4720167
4811478
4721963
4674692
4661525
4661522
4691035
4660393
4657125
4876606
4829343
4767447
4674773
4674477
4673358
4660682
4660649
4659591
4659166
4659159
4658526
5063128
4720386
4658056
4658017
4657999
4656818
4826116
4808018
4733038
4679052
4679013
4673834
4662070
4657279
4654830
4654820
4654815
4654795
4937864
4654589
4654537
4653304
4779191
4685594
4653768
4652406
4652283
4652239
4652169
4652166
4808001
4679059
4670752
4655955
4654163
4649668
4649622
5125377
5068767
5068762
4664814
4659474
4656807
4650497
4649218
4963821
4820087
4672783
4665786
4647590
4647474
4647323
4646636
4645219
4731638
4697722
4662992
4681621
4647599
4641133
4950477
4644297
4643877
4643329
4924658
4662925
4643502
4642978
4642959
4864149
4694064
4664780
4664355
4642618
4642241
4641603
4667639
4641423
4640865
4640841
4640563
4934886
4665776
4661086
4640365
4639239
4639035
4638433
4655073
4778586
4858320
4747384
4661832
4636777
4636775
4636393
4636247
4635422
4636074
4634757
4633731
4633672
4633615
4633607
4633580
4996408
4966156
4645501
4632274
4847816
4665772
4636417
4853298
4792592
4791278
4762532
4675811
4630903
4630844
4629186
4825305
4813354
4813352
4701224
4671993
4669433
4647558
4630670
4630170
4617960
4617395
5058953
4791256
4738370
4738369
4673998
4628385
4628330
4627757
4626786
4825669
4732027
4644501
4632286
4629629
4819612
4780757
4649937
4643087
4625951
4625460
4624949
4624643
5000797
4930134
4845146
4825743
4693592
4653191
4637210
4846597
4668589
4624166
4621862
4620651
4717270
4664771
4619386
4770759
4693890
4646834
4637208
4636939
4619800
4619074
4653215
4634356
4633536
4632454
4615992
4614807
4742115
4742102
4672639
4614352
5096653
4930123
4930119
4747403
4653151
4639987
4634873
4618287
4618059
4615363
5005116
4976655
4823039
4767459
4747354
4747192
4741876
4665668
4632093
4629002
4617708
4612430
4612096
4609846
4628672
4643330
4741840
4609092
4608755
4608686
4608672
4747358
4656789
4646736
4632294
4617979
4608307
4608219
4606561
4606508
4606125
4785874
4742108
4741975
4632950
4632748
4607001
4606903
4605787
4605509
4767490
4767462
4721571
4681751
4668920
4620470
4608260
4604155
4602270
4602237
5057350
4741887
4653701
4646058
4603338
4619960
4619824
4605318
4770748
4741438
4600211
4599853
4976661
4741945
4734373
4670809
4601085
4600016
4600014
4598190
4715579
4700087
4642245
4633733
4627080
4617429
4599140
4596883
4596860
4595830
4669337
4600730
4595210
4595071
4594745
4594563
4594005
5155628
5155016
4821826
4741658
4639992
4639982
4632944
4620853
4600731
4599573
4593551
4593004
4682426
4609492
4609421
4609408
4770734
4636958
4592237
4592004
4796680
4708106
4669991
4669990
4636403
4635038
4630557
4627425
4610238
4610233
4606098
4601633
4597910
4595957
4591371
4591276
4591258
4590316
4577985
4574752
4779131
4762627
4741551
4676083
4637816
4632709
4606133
4590277
4589285
4654057
4646383
4598835
4598356
4587977
4587745
4587739
4586504
4582769
4661791
4586740
4586376
4674484
4644377
4600500
4818951
4741866
4731735
4651756
4890630
4741478
4702451
4698384
4679514
4583389
4780049
4740301
4636971
4626177
4621768
4595995
4585852
4582333
4581711
4581627
4581624
4849457
4746056
4733528
4727448
4669357
4654747
4628622
4580618
4741763
4643644
4618086
4580986
4832376
4686232
4585671
4572790
4739844
4622850
4634378
4633373
4576721
4575454
4586477
4574966
4574948
4574608
4574480
4574212
4574066
4574027
4574004
4573869
5043007
5028131
4854977
4760630
4681669
4653667
4643645
4634079
4574092
4574089
4573288
4588809
4570193
4570153
4681600
4628063
4606009
4592828
4569576
4569328
4569079
4568411
4646312
4638047
4584032
4641788
4839336
4741663
4631670
4883665
4745677
4741796
4741639
4741622
4664461
4659533
4646324
4591215
4568566
4565692
4565643
5049661
4645643
4589800
4586885
4565013
4564242
4564160
4642568
4638041
4635059
4629004
4589833
4566415
5144917
4561473
4561415
4561374
4561364
4803769
4741774
4560885
4741573
4652152
4560410
4559659
4741569
4664709
4627561
4618717
4564991
4558531
4595745
4557935
4557111
5049627
4835043
4804805
4690656
4664722
4664707
4648659
4637649
4597280
4595692
4592171
4573854
4560841
4559140
4556662
4556628
4556499
4551052
4547205
4645954
4560511
4555822
4553897
4721565
4553214
4586103
4553005
4815694
4809358
4693453
4618316
4552870
4552843
4552674
4552671
4552280
4843502
4560344
4552299
4551741
4551565
4551362
4550930
4549934
4673999
4645673
4620852
4600154
4576736
4560817
4551760
4549564
4549407
4549399
4561865
4549291
4549109
4548914
4548842
4548793
4548308
4865474
4863040
4694781
4614702
4605876
4568673
4564389
4561317
4561307
4552045
4548062
4548055
4547762
4547718
4546821
4860148
4745737
4575868
4546421
4546208
4543968
4844205
4630145
4592477
4591820
4573897
4677681
4556833
4546122
4546116
4545360
4540806
4759104
4745765
4670276
4664719
4539608
4876760
4757516
4642524
4609292
4598409
4568285
4568223
4553131
4538299
4705549
4679421
4637226
4600668
4548830
4532898
4713319
4634076
4616700
4598704
4596031
4562119
4537234
4536664
4536594
4618030
4553095
4551578
4542115
4535982
4535951
4813815
4745773
4591801
4576974
4534164
4534052
4534051
4731232
4705679
4602053
4532500
4918343
4745722
4677599
4656061
4632074
4582980
4553799
4553792
4530955
4530889
4530325
4530307
4591212
4577010
4568949
4545821
4535548
4531812
4529222
4529093
4528784
4528692
4528223
4528220
4528166
4527226
4527130
5054886
4918335
4797338
4588811
4573457
4555136
4539565
4529957
4527836
4527694
4526858
4552437
4546902
4526643
4526518
4525140
4524109
4995547
4524680
4523861
4523844
4523026
4628575
4539171
4772274
4698803
4563195
4539580
4532561
4526117
4512918
4509933
4620525
4586778
4560996
4521956
4521931
4924589
4649895
4615688
4597147
4588417
4581605
4520685
4518677
5011405
4686256
4622466
4580197
4580178
4543753
4520444
4519320
4519289
4519152
4519125
4588037
4581186
4524386
4581178
4538683
4516796
4516789
4516330
4516286
4588421
4529906
4802813
4573661
4573451
4514744
4514739
4513754
4513647
4513611
4512090
5036232
4754787
4707202
4694980
4588825
4572067
4511971
4511863
4695059
4577901
4573952
4511766
4511561
4873526
4607655
4518285
4510475
4510387
4509650
4508665
4567641
4508115
4506741
4506606
4506605
4506436
4819849
4703094
4623427
4542282
4504166
4715802
4687866
4687862
4542875
4520759
4507299
4504687
4504130
4504078
4648419
4558199
4515708
4503751
4503685
4503669
4676955
4628565
4593831
4593826
4593825
4589888
4547847
4509978
4501820
4501668
4853580
4712124
4522759
4500567
4499884
4583688
4533772
4517206
4498813
4498740
4498626
4498621
4497376
4496850
4579035
4519914
4512830
4512531
4583060
4582795
4552530
4496061
4495428
4495416
4493955
4699316
4614355
4583803
4536747
4507005
4495043
4493837
4492093
4491873
4836824
4787819
4577297
4539370
4506520
4493106
4492623
4937102
4490682
4542280
4506514
4707199
4534576
4492197
4489858
4489805
4571302
4566107
4565480
4565478
4552495
4522847
4511213
4502284
4493931
4491146
4489368
4488856
4488844
4488505
4486853
4486241
4485551
4485541
4481008
4695110
4674186
4577581
4491183
4488395
4485866
4485318
4830906
4623162
4563754
4525309
4509841
4507184
4488231
4488148
4484807
4484351
4503866
4482181
5034750
4601528
4487197
4482746
4482638
4587761
4482544
4481468
4609247
4542378
4542353
4516161
4491827
4486438
4481310
4695141
4597151
4577580
4493270
4637300
4623010
4563689
4537826
4526355
4476686
4476146
4476106
4480347
4563120
4527391
4516713
4475052
4475051
4475050
4473062
4676710
4513360
4473529
4473007
4472235
4809141
4674426
4673144
4557293
4524071
4510402
4507505
4473807
4471054
4470683
4470028
4631653
4603667
4556939
4556936
4518498
4490278
4469462
4573363
4538064
4538033
4532746
4532742
4529816
4491795
4583664
4522932
4562944
4832352
4690797
4540723
4510466
4510454
4480132
4466545
4466531
4464938
4464286
4584416
4571487
4535151
4527963
4484742
4474461
4474423
4765883
4695198
4673210
4484779
4480275
4465699
4465622
4465499
4464753
4462342
4601564
4527491
4517542
4461287
4460911
4744727
4673197
4603752
4563672
4519409
4485108
4460072
4459878
4653036
4567955
4578732
4532605
4499178
4541501
4538281
4479845
4478584
4457876
4457834
4456939
4456775
4607618
4560960
4515549
4506383
4456358
4748849
4563718
4555998
4524262
4522231
4513854
4511145
4474491
4454534
4607623
4453009
4452717
4630030
4618674
4589301
4584013
4570120
4560037
4541630
4505829
4491130
4491129
4470280
4466473
4464010
4459730
4457031
4454091
4452085
4451073
4433624
4995104
4830895
4696065
4622011
4583634
4479083
4448908
4448130
4681438
4640298
4507781
4447416
4447287
4447275
4446272
4706312
4662480
4662461
4641572
4614356
4476183
4468365
4461769
4755339
4490422
4461020
4444236
4444191
4570618
4568961
4498061
4460185
4444133
4497927
4736356
4662476
4635632
4607643
4545381
4504976
4485700
4452922
4441431
4441380
4441360
4996392
4607752
4471835
4440627
4440528
4440522
4439550
4438576
4438523
4743610
4591107
4543426
4479965
4448565
4439119
4461369
4438505
4437902
4437314
4712744
4651667
4499139
4485549
4463699
4463698
4450212
4437538
4436378
4436374
4816110
4673238
4636462
4578989
4553116
4516574
4479622
4451619
4433221
4433211
4433180
4433121
4841833
4599286
4599252
4499455
4463685
4432009
4431830
4431823
4431739
4431350
4734362
4505658
4497538
4430383
4653031
4559533
4546493
4492044
4461536
4429103
4429013
4428792
4428699
4767150
4717155
4622425
4594188
4450404
4449815
4427337
4427179
4440459
4515151
4523019
4474159
4456708
4444601
4425696
4425562
4425556
4570283
4525731
4494056
4438475
4424418
4423995
4537683
4494167
4470809
4422721
4421989
4819767
4420468
4419604
4969622
4594181
4537840
4419354
4418690
4629535
4543531
4519398
4518205
4490933
4481465
4452969
4438533
4424562
4420207
4419202
4418751
4418029
4417116
4416884
4416792
4416711
4415895
4407731
4407720
4551425
4548934
4446423
4438513
4424632
4416037
4415792
4415773
4415769
4415307
4945106
4782590
4695118
4505473
4491534
4463845
4456720
4423225
4418205
4414453
4515211
4425984
4412535
4412534
4594186
4533023
4471955
4422105
4546491
4512307
4482271
4457613
4424502
4476454
4470771
4448321
4408091
4538358
4501033
4496351
4406450
4482894
4453569
4416191
4410637
4408443
4405539
4657824
4615268
4613816
4599263
4528969
4511198
4486424
4417987
4404103
4404052
4403556
4675455
4484411
4423487
4405864
4404599
4548013
4443628
4417277
4407795
4404697
5088503
4457580
4424513
4401720
4401539
4816264
4494925
4489307
4433408
4637310
4599278
4599267
4577049
4537024
4497397
4483840
4455345
4425948
4401249
4398489
4398320
4398020
4397609
4392595
4605830
4520657
4494957
4494924
4453583
4447976
4397065
4844184
4545281
4496359
4484419
4417672
4395318
4395254
4547982
4399420
4536177
4433087
4393378
4816102
4648328
4506243
4450324
4417407
4401998
4522159
4648271
4459391
4457140
4445011
4428941
4425045
4392795
4389992
4949513
4462599
4462598
4458718
4425039
4393631
4388814
4388651
4388534
4388007
4384638
4696152
4456185
4438238
4413279
4387290
4386824
4479534
4457640
4413294
4412144
4497387
4478798
4437852
4403775
4398667
4393626
4392734
4391606
4383508
4383072
4382988
4537002
4471338
4424553
4416218
4408556
4407484
4398244
4390252
4390205
4389910
4389222
4387715
4384765
4382186
4378244
4376568
4366796
4366274
4362669
4284150
4765366
4615683
4591097
4523465
4435100
4425014
4380423
4380408
4380362
4637305
4564998
4494966
4494928
4447807
4406851
4558155
4500649
4484464
4447531
4439874
4432927
4430619
4415119
4413545
4406155
4376867
4376865
4376710
4376684
4376074
4640679
4494929
4431581
4404582
4396147
4392476
4391319
4381397
4374906
4374766
4374676
4795213
4617540
4507807
4496168
4442425
4433602
4402273
4390106
4381482
4373951
4996398
4533306
4496299
4458266
4437870
4422425
4394293
4376348
4372440
4531069
4402536
4383005
4370398
4614128
4392874
4389585
4719774
4599295
4568128
4415485
4414375
4558150
4498148
4496244
4451399
4433590
4406813
4368799
4368785
4368425
4612617
4498158
4496217
4466007
4416877
4404593
4383156
4366242
4366240
4366044
4366019
4614229
4494907
4439364
4377021
4364902
4622493
4465076
4414306
4386987
4386406
4363591
4362318
4361875
5045365
4638154
4409270
4406811
4364461
4361552
4361336
4361318
4360641
4473328
4381359
4360175
4460980
4432772
4404609
4373107
4791036
4394510
4383259
4371797
4358943
4358942
4358044
4673300
4485545
4477643
4402150
4393599
4362302
4357308
4357249
4615578
4494877
4356539
4622549
4565786
4485370
4355290
4618684
4485886
4426483
4407188
4399072
4396492
4377058
4367822
4358650
4353627
4353623
4352890
4467390
4426236
4362840
4355352
4410068
4409526
4362638
4352050
4351618
4846295
4544753
4401633
4391727
4849438
4560684
4404112
4351299
4350542
4349704
4429169
4371969
4350682
4347605
4347454
4506269
4397972
4650896
4620551
4557676
4440092
4391824
4382627
4382520
4380436
4379383
4358403
4353456
4350884
4342033
4333028
4467107
4359441
4739739
4558649
4416656
4406671
4367160
4352295
4351571
4344299
4344212
4913483
4669815
4433451
4375937
4362327
4342162
4694993
4592703
4480696
4439347
4371382
4369415
4340906
4340895
4555640
4506402
4445750
4414204
4383687
4357998
4339611
4339582
4417447
4353441
4338284
4338251
4338229
4338111
4338067
4337328
4336936
4383193
4411498
4349617
4339297
4563789
4554165
4510071
4502824
4368415
4346003
4741588
4623497
4407676
4376047
4365786
4335087
4335025
4414135
4403458
4355574
4348431
4347561
4331629
4846423
4625786
4536901
4433586
4414142
4398603
4390508
4371952
4359534
4357708
4338781
4331523
4330530
4344852
4344591
4337676
4438258
4387548
4343279
4335366
4362815
4336704
5127648
4789200
4433429
4375796
4669791
4422887
4408416
4380584
4365969
4338562
4326773
4374160
4324900
4465935
4395798
4395775
4376457
4351690
4343130
4333234
4323104
4475471
4429661
4407508
4356948
4409819
4388778
4376323
4351975
4529014
4398281
4381704
4369276
4349253
4322811
4320069
4319975
4319734
4603436
4319238
4844544
4524805
4406296
4316787
4445746
4445744
4391502
4375472
4356746
4354331
4533871
4362254
4340727
4339060
4333733
4315243
4314082
4313950
4313942
4833439
4640449
4417941
4396233
4387236
4370242
4344222
4340469
4322790
4315134
4306816
4305010
4283159
4789231
4467427
4329846
4971885
4499566
4467137
4324787
4312085
4312057
4667728
4316650
4311266
4311229
4833407
4592077
4531264
4442343
4363276
4360251
4343275
4340816
4316605
4316420
4309561
4309402
4309023
4339634
4336716
4335870
4314744
4314466
4308813
4622653
4622541
4430266
4345921
4330042
4443676
4360220
4326531
4309751
5024042
4624921
4623248
4504988
4492280
4413628
4394025
4320935
4320003
4318184
4317495
4311429
4311423
4307178
4996388
4614992
4467389
4403427
4390265
4332150
4331712
4330385
4300501
4355538
4355536
4355106
4324318
4300525
4300091
4363230
4312620
4626833
4417466
4362524
4358129
4323852
4302442
4844062
4669764
4346504
4315169
4315165
4315163
4315151
4312578
4308930
4295881
4369283
4358097
4348778
4338614
4293425
4414156
4385968
4305391
4292778
4292720
4674811
4291530
4624316
4395533
4288992
4392603
4383572
4364524
4288319
4512183
4349984
4349983
4333166
4333048
5055219
4814163
4495007
4333414
4294653
4355328
4340475
4330055
4285071
4407592
4372662
4333457
4333058
4297581
4615005
4439359
4349976
4283577
4780413
4725594
4725315
4709028
4528963
4521608
4426090
4381377
4362485
4357233
4320958
4281852
4281825
4278915
4278258
4521774
4406801
4330254
4297877
4333416
4299242
4280220
4280129
4845898
4464896
4383640
4346736
4278881
4278714
4467447
4348675
4277357
4277354
4277317
4387062
4303826
4302739
4302698
4297686
4430703
4323685
4275227
4275163
4274512
4522970
4476953
4374353
4360884
4359249
4323486
4273136
4367882
4572866
4421769
4378270
4320613
4284803
4280967
4271720
4422777
4419270
4398765
4378002
4349139
4332217
4301544
4290089
4270780
4141641
4591931
4378009
4346410
4325716
4291662
4269122
4350031
4326906
4304191
4304179
4304176
4280038
4271550
4267808
4804637
4416243
4360912
4300706
4300691
4294630
4292731
4267246
4267236
4266655
4265740
4265737
4252163
4342199
4677051
4308557
4298950
4269872
4265218
4359888
4279796
4277003
4270301
4452998
4401212
4359333
4272536
4263981
4263716
4263703
4612384
4420636
4385841
4350357
4350027
4325706
4299486
4279797
4272565
4262392
4317226
4303209
4295269
4260505
4459944
4456291
4456205
4382270
4329485
4303386
4274867
4262374
4259356
4259317
4259114
4273554
4260770
4314404
4295481
4804342
4369814
4302147
4301944
4284721
4649829
4354880
4344930
4317339
4259865
4256441
4256377
4256279
4256277
4256227
4569615
4404186
4293116
4284714
4261147
4255034
4623027
4484511
4437571
4422364
4261767
4252097
4252069
5037246
4444078
4405167
4321811
4315819
4294519
4284690
4251540
4250976
4248847
4248781
4248744
4248311
4241689
4237672
4232287
4224049
4149605
4277943
4534024
4404200
4255907
4432483
4289341
4520154
4351379
4267649
4513651
4481614
4442770
4280361
4268898
4262353
4244134
4244117
4467152
4291472
4249945
4242640
4242630
4367444
4456343
4383576
4382246
4294490
4239576
4467577
4451456
4443896
4415270
4403731
4279699
4277926
4267646
4264058
4255813
4239336
4239019
4238990
4785867
4335715
4306727
4306723
4287682
4270084
4266713
4266711
4266698
4254193
4247726
4247627
4237372
5053100
4622747
4246558
4242552
4238046
4236140
4312210
4299601
4298451
4294249
4262547
4260148
4247747
4248402
4427718
4383970
4350339
4425823
4243240
4232415
4375298
4347749
4264195
4263462
4238007
4231123
4231077
4329058
4276889
4267984
4257892
4229114
4822541
4427554
4367527
4227842
4227654
4680172
4508017
4264183
4233077
4622843
4413753
4297700
4232714
4224512
4224453
4224421
4224387
4381591
4297524
4292465
4225633
4222980
4222758
4222131
4317953
4240870
4221189
4221042
4220927
4220711
4426806
4281683
4254676
4242289
4233036
4226852
4219757
4219711
4246296
4218815
4218794
4218727
4465394
4279441
4249018
4248905
4224082
4218410
4218304
4217980
4215031
4213696
4199393
4623553
4615143
4303254
4243378
4226913
4216124
4216085
4216004
4623435
4622592
4614990
4614451
4502817
4352311
4241145
4214712
4214668
4382402
4269671
4262666
4254105
4239186
4215647
4215164
4649696
4411008
4301985
4281383
4267611
4262979
4234550
4402341
4348973
4281293
4210445
4281021
4261936
4392078
4248573
4231188
4216369
4208028
4649507
4312468
4305028
4262134
4250828
4213501
4206873
4280507
4206838
4322992
4204991
4204855
4535940
4313422
4295390
4226084
4218959
4203942
4203799
4203719
4202793
4202786
4202709
4186827
4585514
4336187
4233109
4536069
4291685
4250366
4218966
4199614
4199512
4301172
4301096
4299582
4256341
4222661
4218680
4214595
4201353
4201286
4197648
4409498
4407607
4288251
4259248
4224548
4218678
4207964
4197685
4467531
4262595
4211306
4207392
4195829
4872417
4305498
4275501
4221384
4504424
4235744
4283026
4274382
4210474
4206282
4454399
4291681
4237236
4191187
4380852
4347853
4347241
4282793
4221889
4214431
4209037
4190361
4429697
4388743
4325542
4252715
4205890
4205566
4188617
4239625
4233119
4210309
4201759
4219131
4283009
4252877
4247523
4185407
4185402
4184880
4184787
4772153
4649516
4212952
4212950
4200048
4198675
4198621
4185114
4183698
4183599
4183579
4183418
4997813
4795052
4496416
4394366
4289958
4252368
4239718
4233153
4231767
4212304
4202096
4197572
4196597
4188865
4187738
4182764
4181336
4178815
4178776
4173916
4173047
4165765
4134751
4303568
4252598
4233283
4205612
4203021
4182601
4261529
4252591
4181300
4142120
4176948
4616290
4282369
4279369
4142030
4386891
4336799
4316203
4192072
4186546
4177898
4177830
4596326
4353731
4230993
4215699
4200174
4173670
4303798
4280965
4224466
4200817
4200771
4191425
4182767
4172054
4188510
4324732
4213300
4179624
4370186
4343195
4262241
4205215
4178301
4169590
4169578
4169571
4287940
4261775
4253021
4241130
4192131
4169445
4168352
4168347
4434924
4341476
4287105
4256501
4167997
4167996
4167545
4166168
4386684
4259449
4259446
4299714
4254306
4200820
4166537
4164521
4157312
4587571
4833098
4223299
4162580
4540201
4470351
4363943
4239420
4237952
4223704
4200060
4169715
4167306
4162106
4434925
4362882
4217687
4172957
4160169
4142832
4452660
4233163
4222616
4183286
4172902
4171549
4165821
4227559
4159617
4157746
4190033
4294379
4271146
4216744
4187015
4156416
4155333
4817128
4224688
4207993
4201947
4157158
4154870
4174097
4168028
4166678
4152753
4152602
4381104
4199417
4152015
5058318
4244175
4240001
4216057
4214183
4213253
4188279
4178854
4178843
4171766
4165568
4160360
4160119
4158762
4150396
4150363
4136307
4135560
4286876
4209755
4165364
4164753
4252852
4169057
4168210
4158125
4482134
4253830
4169862
4148401
4148310
4253055
4216759
4212697
4212285
4159360
4200377
4191010
4169643
4143615
4209136
4149385
4149383
4144739
4144735
4143352
4143339
4142865
4243706
4158050
4149381
4510916
4216406
4186924
4152579
4280157
4266582
4165906
4228935
4192688
4151002
4150968
4147694
4142136
4140844
4512996
4227561
4158146
4148957
4144987
4771185
4334750
4286279
4259841
4250314
4236746
4226719
4202124
4172650
4164348
4156707
4154983
4136863
4136818
4136785
4171954
4226711
4203164
4151022
4150951
4142325
4134240
4134228
4134203
4134197
4808581
4293092
4288116
4266000
4227541
4190011
4163922
4143936
4134513
4133372
4443946
4262492
4198470
4151767
4260797
4191756
4145684
4145683
4130545
4130532
4130503
4130493
4268388
4268075
4266947
4169965
4128657
4128649
4128602
4128075
4283151
4261989
4256481
4187039
4185108
4151769
4126661
4287545
4172484
4125180
4124797
4500792
4137727
4223486
4198040
4122447
4122406
4122346
4317383
4272606
4255066
4201337
4167472
4155524
4121322
4948753
4131037
4554534
4472460
4382362
4334391
4333150
4286371
4219982
4219466
4207125
4206720
4148039
4136300
4136196
4135953
4132387
4118917
4116836
4109492
4106972
4076983
4377120
4253413
4142074
4117608
4117527
4117489
4117460
4299500
4215224
4116173
4115620
4172635
4154244
4137959
4114483
4894427
4405876
4341467
4136562
4113947
4113381
4113346
4113305
4110556
4167584
4146718
4318970
4119471
4109958
4290797
4226688
4185210
4166727
4135020
4108358
4730944
4365926
4261064
4198916
4187120
4133630
4106866
4128122
4105535
4104784
4188996
4265552
4253732
4196156
4132735
4103872
4103868
4103865
4103830
4103770
4188994
4187575
4156578
4152236
4133101
4123094
4123081
4123079
4113076
4102467
4370188
4184079
4100879
4100821
4453840
4226052
4211954
4196173
4166715
4132153
4099420
4235596
4223502
4195789
4195786
4148864
4126592
4122066
4121777
4207939
4128605
4286277
4227138
4197626
4172170
4113780
4108790
4094496
4483580
4227297
4227105
4123073
4107101
4093674
4092067
4060837
4418221
4197860
4162189
4120898
4090167
4216662
4161248
4156056
4133775
4109533
4551401
4164503
4115529
4096730
4148207
4288246
4227135
4188990
4894425
4109791
4101061
4253556
4116586
4091656
4080516
4080225
4271093
4086286
4079602
4079600
4409327
4209016
4171053
4149901
4139468
4112855
4109554
4108225
4097797
4097788
4097667
4097622
4091860
4080867
4077825
4077804
4077795
4077591
4077096
4076465
4076462
4076081
4063883
4056272
4197830
4117771
4104921
4076580
4076218
4184931
4085106
4323814
4282481
4194139
4184074
4134715
4074065
4154991
4116428
4103970
4101059
4098950
4073324
4072777
4072711
4072629
4072521
4071321
4435416
4254023
4208460
4069674
4208652
4204998
4157967
4154999
4069161
4069075
4275429
4275413
4155016
4110474
4103369
4103356
4099115
4094857
4067350
4067288
4102885
4315871
4272672
4272340
4139102
4122590
4065059
4065011
4064996
4064326
4441014
4202803
4110062
4067745
4064332
4359351
4131767
4128237
4079956
4346156
4345117
4143684
4083270
4072889
4344427
4227551
4128887
4100812
4084474
4128987
4128977
4535966
4198693
4065601
4051924
4487364
4371776
4198694
4158691
4074311
4065582
4057286
4243339
4214523
4170622
4149467
4116589
4116389
4074343
4055761
4055650
4055459
4054652
4326706
4189907
4160843
4094944
4077061
4077059
4053315
4052716
4052096
4984425
4424050
4322580
4119788
4102637
4095576
4051765
4051754
4654371
4332621
4089184
4050059
5154549
4068973
4115274
4096774
4345889
4253643
4092225
4079319
4048271
3996583
4611710
4279731
4132174
4121640
4068053
4061447
4047088
4047077
4227906
4167829
4125732
4060138
4045889
4452049
4189897
4081398
4059932
4059087
4043736
4043686
4042557
4254377
4227549
4095608
4084841
4071381
4057583
4057480
4041891
4041765
4041570
4041569
4523227
4283218
4283139
4271781
4093871
4068909
4059866
4054367
4046198
4040907
4021438
4021433
4019154
4019060
4116533
4070551
4121035
4098011
4076638
4047192
4046438
4039533
4039463
4203668
4116250
4097176
4094041
4066479
4058161
4053266
4041167
4370231
4315188
4148099
4110732
4037214
4037189
4684644
4147331
4106635
4071377
4058234
4033189
4172386
4168820
4065406
4256678
4096284
4049485
4094838
4050407
4084839
4032327
4032271
4809647
4384642
4379120
4231285
4213290
4183711
4156517
4201965
4116520
4050318
4029961
4311773
4168290
4152843
4135429
4057769
4035721
4031155
4030454
4028208
4486317
4026530
4026482
4135465
4129242
4068797
4052347
4254363
4130926
4060096
4194125
4125515
4098730
4089463
4067100
4057758
4045923
4040928
4023931
4227898
4107325
4100540
4058311
4045795
4035537
4035535
4035532
4030113
4022717
4022581
4022579
4022517
4021325
4019499
4728083
4344300
4020815
4235763
4203553
4176052
4116505
4040601
4019648
4019607
4203555
4098650
4094938
4072043
4055909
4036646
4085550
4152451
4080174
4023021
4176051
4116501
4062926
4056054
4050492
4024746
4017265
4014836
4014464
4014425
4108856
4046519
4046060
4019863
4013062
4012993
4587597
4401067
4326935
4157605
4032728
4026837
4021715
4017814
4316924
4057702
4032798
4010913
4010412
4224436
4026869
4131178
4101837
4085537
4082572
4079002
4042297
4008625
4710349
4368445
4229907
4154226
4128562
4108350
4090263
4079738
4077045
4076799
4075045
4070311
4068945
4068942
4058048
4058041
4050342
4046179
4044836
4043911
4026312
4023177
4019115
4019091
4019035
4015632
4012471
4010177
4006924
4006916
4006731
4005973
3993813
3993455
3989789
3984560
4834722
4141686
4102646
4101053
4084927
4062060
4089007
4051997
4010796
4396816
4203358
4102255
4080170
4077198
4055144
4051439
4022194
4021461
4002480
4102808
4096904
4078033
4060009
4043921
4001129
4059976
4038569
4038558
4036478
4008408
4074813
4023608
4017828
3997384
3997344
3996215
4186414
4073058
4021255
4021073
4016907
4001046
4165712
4119883
4007196
4000998
3994156
4224146
4100978
4041451
5119459
4423606
4050474
4039166
3991639
4183712
4102615
4083117
4063150
4053258
4036831
4001558
3990727
3990714
3990579
3989510
4154952
4142781
4120811
4060520
4009234
3989345
3989308
3989189
3989178
3989164
4193918
4165404
4098101
4069921
4063153
4009339
3988108
4300946
4283288
4060180
4035811
4023887
3986341
3986091
4094829
4048470
4119412
4039116
4035223
3994952
3994951
4054691
3984100
3984081
4214519
4196521
4139290
4021518
4001090
3983164
3983107
3988399
4058362
4049685
4040301
4022192
4021393
4333711
4097995
4015687
3977858
4056452
4298788
4032469
3998064
3928891
4103673
4083489
4082372
4112000
4071169
4021221
3974854
4377109
4183735
4075731
4075642
4075609
4075593
4039240
4031539
3973691
3973578
4317059
4226235
4089034
4046121
4015488
4001531
4000098
3993559
3976587
3975059
3975058
3972178
3972155
3969990
3961781
3942707
4377161
4373557
4194071
4103672
4079314
4066995
4051169
4039123
4024337
3990765
4161471
3994249
4033569
4011340
3982893
3976616
3975093
3969364
4321688
4048388
4031624
3973899
3973201
3968129
4238427
4102798
4050250
4039239
3986929
3966886
3966758
4111718
4037855
4001549
3987175
3984422
3965492
4814160
4391367
4300291
4300145
4286000
4089507
3998192
3987924
3987923
3975447
3963936
3963915
3963906
4192052
4058031
3998024
4021691
4013444
4063534
3997969
3994426
3977918
3962455
3962406
4082585
3986626
3980867
3962174
3936484
4110979
4151565
4085776
4042183
4007463
3958549
3958415
3957277
4633016
4251064
4053088
3977241
4278285
4058023
4014232
4014224
4007997
3967052
3953813
4235315
4053087
3954727
3954562
4343256
4108846
4101704
4040459
4017943
3992517
3973228
3953552
3953332
3953330
3953017
4167795
4159678
4007780
3951427
3951280
4413372
4259854
4059064
4007631
4007575
4007492
4005653
3952157
3949995
3949749
3949689
3944437
4071201
3948877
4246033
4215291
4146627
4082363
4064786
4048258
4029070
3993967
3946537
3969604
3964446
3946355
3945209
3944351
4172421
4132214
3978641
3943915
3895995
4155023
4014008
4011585
4194113
4075250
4016577
3973095
3967513
3941044
3940944
3940881
4654571
4037372
4029133
4028683
4018204
4016419
3991976
3984892
3958113
3958033
3941525
3934723
3929669
4189962
4130802
4104078
4058022
4049308
3988687
3959695
3938728
3938653
3938533
3934474
4084973
4076166
3979047
3937395
3937391
3937333
3937324
3937269
3937267
3937134
4064311
4028384
4020951
4015682
3998788
3978512
3935923
3935347
4406472
4256199
4040127
4035657
3966925
3945666
3944638
3941591
3934900
4994713
4058021
4055047
3938273
4229010
4113470
3982778
3974985
4513035
4145143
4063824
4038786
3970352
3931808
3931727
3931655
3951002
4050669
3952621
3937248
3936936
3929751
3929494
4418478
3989735
3960606
3947697
3943480
3930007
3929867
3928248
4075482
4011134
4051836
4047141
3937514
4035659
3925150
3924578
4035375
3990591
3944230
3931405
3931404
3931394
3923834
3923765
3923742
3923681
4237725
4104123
4063835
4049342
4013756
4010678
3958624
3937043
3923055
3923048
3922923
4049367
3979373
3976434
3948265
3939870
3932014
3928323
4407472
4036193
4011497
4010710
3979399
3922185
3919740
4494688
3967834
4294271
4160936
4159655
4125569
4083834
4013163
3990413
3917856
4063832
3977182
3928656
3916389
3915272
4160824
3993963
3954114
3944124
3933235
3928084
3914965
3914808
3987082
3977979
3950964
3950506
4923955
3977812
3962657
3953299
3953274
3934187
3912203
3912167
3912072
4082588
4007059
3988961
3978398
3937760
3937154
3930950
3912953
3912418
3911525
3911372
3906486
3898654
4066898
3990843
3961755
3959158
3949084
3926678
3924905
3914367
3909147
3907297
4721927
4065287
4013446
3909915
3906103
3906004
4067966
4021616
4009763
3993895
3926685
3922161
3906957
4112172
3964228
3926062
3905921
3903656
3903607
3903543
3903525
3903495
3984009
3950333
3996653
4605604
4066385
4015922
3913945
3901708
3901686
3900999
4462130
3964198
3906092
3900522
3900442
4063840
3978509
3974425
3918815
3899295
3899048
4125208
4046911
4045787
4044109
3932036
3905230
3897368
3945915
3896393
3896338
3895905
3898078
4121361
4057954
4001125
3938540
3904696
3894977
3894794
4035791
3893658
4278941
3974152
3949508
3925896
3903560
3898232
3897929
3896822
3893072
3891946
3966115
3898003
3891622
4004205
3910628
3910627
3910569
3890271
3964220
4295759
3905969
3899923
3894860
3888428
4772995
4670623
4513027
4035783
3945331
3927417
3913014
3910540
3887044
3887021
4917016
3962598
3894150
3885406
3885401
3884145
4045736
3896774
3883653
4053464
3996665
3925053
3895665
3882278
3901032
4411359
4278286
3981545
3896800
3880284
3895844
3879344
5040491
4886898
4868626
4842018
4739625
4504431
4433490
4426208
4310749
4292903
4277201
4270051
4260929
4233653
4211638
4175740
4158345
4121059
4096461
4034382
4017859
3999257
3951205
3945470
3919125
3915347
3911655
3909504
3875859
3874878
3873889
3873491
3873482
3868844
3868192
3831179
4053856
3897846
3877299
3877122
3877094
3877044
3877020
3877019
3877007
3877002
3876995
3876987
3943689
3901508
3875483
3888710
3950349
3874038
3945963
3944627
3919514
3880973
3873467
3872826
4167014
3944098
3886566
4053791
3928002
3871684
3871549
3871542
3871520
4044925
3891998
3945903
4057522
3976329
3961547
3919500
3896729
3890531
3888473
3868615
3868543
3868536
3868521
4488901
3981913
3872271
3867416
3867347
4706761
4470151
3988452
3946282
3890587
3880589
3878494
3878444
3866276
3866247
3910000
3865475
3865474
3865151
3865091
3885467
3885462
3909179
3982589
3928520
3947657
3946837
3930365
3920290
3877545
3876678
3871393
3866938
4047202
3945121
3913809
3908545
3871008
3859635
4894382
4029382
4023469
4065842
3879061
3860333
3857301
3857287
3857241
3857210
4131144
4066672
3916649
3944797
4028780
3989927
3968243
3928601
3924188
3900956
3877551
3877546
3857800
3855576
3855553
3855094
3855055
4167842
4157650
3976438
3948117
3930361
3915199
3882878
3876071
3852754
3851176
3849634
3997072
3849048
4073647
3954952
3946290
3925978
3905959
3905779
3900967
3885325
3847080
3845018
4091431
4070821
3970546
3954533
3951412
3931120
3931112
3931110
3890698
3889555
3884689
3884652
3884528
3879068
3856967
3855043
3838236
3837439
3834141
3826695
3792704
3977146
4007366
3901081
3843713
3843670
4220786
4692462
4458245
4377108
4174666
3877715
3977143
3949103
3921348
3899765
3870727
3860149
3860124
3841220
3841158
4179643
3946717
3934374
3906982
3839295
4106249
3896265
3960201
3927999
4046827
3989465
3989423
3849569
3838351
3837310
4265265
4165583
4046670
3836978
3836735
4053776
3939039
3920024
3858477
3834519
3995856
3960191
3919444
3834252
3834097
3834034
3832874
4025985
3856087
3832619
4406280
3870072
3840597
3837032
4547934
4422653
4176301
3979015
3962541
3943873
3843266
3843255
3840602
3829577
3947351
3828359
3828332
3828299
3828235
4053566
4050971
3922123
3856067
3831054
3827474
3827420
3827317
3827269
3826061
4284036
3979035
3939673
3827211
3827157
3827084
3825655
3824400
3946428
3889215
3854019
3845176
3845151
3823621
3823597
4238912
3826519
4226214
3962538
3919590
3880438
3990328
3873541
3861239
3847322
3827844
3824131
3820750
4226208
4008663
3979061
3947297
3819381
4008360
3868760
3828478
3818485
4326177
4228255
4090905
3834606
3825669
3817163
3919585
4816195
4017261
3931094
3931093
3898801
3851722
3842888
3838192
3838183
3817002
3816993
3815099
3814684
3814524
3811897
3811830
3807372
3807320
3804748
3652899
4007390
3978448
3857200
3819645
3814315
3814314
4176121
4076356
3833027
3813721
3813709
3813628
4076819
4068286
3959870
3875774
3872482
3846136
3812180
3812163
3808542
4883725
4231470
4002667
3962531
3875900
3874684
3809566
4015956
3943679
3870990
3826595
4007593
3978633
3924353
3890953
3867363
4016589
3957070
3920956
3875894
3871772
3824063
3811999
4144920
4076354
4016206
3917779
3806867
3806822
3947189
3894723
3882682
3853656
3853094
3819829
3819743
3805607
4533480
4016547
4015143
3959227
3831994
3831438
3818846
3804941
3804940
3804545
3804455
4016583
3992201
3978871
3959778
3852386
3800130
3799985
3799740
3947145
3882052
3875154
3798998
3798024
4114963
3878057
3855196
3853772
3853418
3852209
3797807
3797806
3797786
3797768
3797435
4041485
3797080
3797050
4148817
3879608
3796557
3898687
4216562
4117588
3864119
3819505
3795667
3795361
3832399
3827929
3808842
3795074
3794382
3886293
3794012
4853023
4151266
3851868
3833208
3792986
3792969
3792967
4053753
3851820
3808622
3792073
3792024
4089830
3838666
3976843
4005386
3914523
3852516
3790792
3790783
3790729
3790720
3790698
3955724
3808713
3790517
3789755
3882566
3851280
3850462
3841024
3820885
3788734
3787507
4071457
4070603
4051262
4017327
3866700
3850534
3832130
3826819
3819637
3811862
3804925
3794686
3792400
3788099
3787392
3787255
3783934
3781372
3626738
3969863
3849943
3801058
3787041
3787027
3855476
3982872
3950315
3920839
3882527
3838776
3785418
4053822
3784481
3784460
3870788
3864032
3857647
3852229
3845897
3783477
3782711
4014804
3876726
3836069
3798973
3782461
3782459
3782424
3781578
4180423
4008358
3906338
3799368
3849041
3875187
3858190
3855521
3805897
3779241
3845203
3778011
3777940
3777930
3776951
4446054
3796342
3776814
3895428
3841791
3781441
3775803
3775314
3978582
3955742
3861725
3848661
3799577
3791732
3774688
3870143
3861723
3772929
4309278
3978616
3871768
3861722
3849013
3814769
3786475
3775632
3773564
4180915
3946645
3943596
3943244
3901290
3847148
3770929
3770685
3861719
3848638
3841789
3841787
3769381
3769274
3752310
3816223
3808701
3785264
3767798
3767735
4093902
4172450
3875233
3857956
3846863
3791369
3789264
3765203
4015799
3887405
3874417
3869355
3769920
3764006
3846739
3762807
3762787
4116679
4058013
3877725
3848843
3846593
3798767
3780872
3760866
4129941
3821290
3759409
4331971
4005044
3964005
3844448
3824052
3821382
3773888
3769887
3762102
3762098
3760060
3759723
3759719
3754094
3752547
3736891
3731924
4427900
4062846
3758347
3757356
3974915
3954635
3841836
3806529
3776265
3772169
3766165
3763462
3756233
3857644
3849582
3846681
3769142
3755974
4465751
3861711
3793070
3785259
3762614
4967937
3935979
3861709
3796443
3787129
3753362
3753299
3880624
3731555
4263290
3855091
3836826
3978620
3892109
3842025
3749979
3749965
3799497
3749101
3749099
3865158
3835939
3834804
3795281
3748126
3748065
3748049
3717197
3929544
3926821
3800750
3795784
3765177
3747179
3747131
3870603
3751855
3925764
3924580
3765218
4254777
4172965
4034693
3849420
3798678
3763457
3762939
3759480
3749335
3748289
3744994
3744560
3744453
3744433
3744428
3823052
3799075
3774280
3772512
3743868
3743818
3743798
3743773
3743756
3889225
3857942
3808142
3765282
3978455
3890247
3875633
3761639
3751638
3751310
3741304
3741273
4059436
3969234
3856238
3848418
3831121
3778842
3739761
3738877
3751673
3751593
3738443
3737441
4094195
3750569
3737100
3735580
4610724
3899195
3798778
3779742
3778300
3771343
3751071
3735555
3734358
3799453
3778077
3767545
3759121
3734176
3734129
3733962
3843142
3825743
3769527
3732286
3731731
3931733
3881271
3824029
3775871
3765338
3754054
3754031
3750590
3750387
3731291
3731217
3730043
3727939
3726144
3719570
3844475
3820938
3805742
3735649
3729459
3728595
3728481
4120942
3795959
3778161
3773342
3759627
3728326
3728296
3836475
3834996
3815468
3805235
3750405
3746932
3734188
3727315
3726785
3726765
3726666
3726385
3818332
3807624
3796213
3733980
3728068
3724896
3724885
3724868
4098820
3867975
3796004
3750403
3723494
3722564
3824174
3722207
3722174
3722103
3721848
3721551
3947930
3820945
3761196
3723580
3720888
3720859
3718788
3718780
3774957
4184099
4278354
3799490
3759040
3748337
3715730
3883770
3798821
3759038
3739014
3715497
3715412
3955718
3717870
3714286
4100470
3776436
3763560
3738960
3713456
3712985
3712983
3712916
3712543
3712321
4893961
3987919
3881641
3859324
3732941
3729658
3727129
3726964
3699286
3962195
3787152
3728096
3830662
3761335
3709966
3750178
3708918
3708910
3708893
4435104
3909648
3888123
3883784
3707916
3787158
3756554
3738143
3706599
3706549
3706484
3706396
4017347
3841314
3789015
3704645
3704530
4098908
3729544
3710489
3673155
3785278
3778138
3763036
3708719
3702580
3799015
3701717
4367964
3885154
3868367
3790282
3745588
3708788
3726705
3699462
3984583
3882157
3828661
3807646
3784205
3732930
3713426
3704342
3702686
3701487
3700463
3700122
3698506
3698500
3679400
3679381
3676482
3737318
3796060
3841326
3841320
3726335
3697991
3696068
4103025
3708578
3702285
3701494
3695363
3695057
3695006
3694957
3694849
3887924
3831906
3702487
3694138
3694069
3810539
3763550
3999620
3790293
3742495
3742165
3718617
3710884
3696570
3692042
3691260
3691244
3691135
3690336
4041123
4349561
4170677
4059202
3790304
3847587
3797847
3689694
3889831
3752953
3726210
3688587
3688557
3688534
3687229
4750873
3790299
3755352
3727955
3703888
3686868
3686758
3775863
3708584
3693007
3688980
3688827
3687337
3684836
3817155
3789028
3709054
3858414
3753626
3712080
3712054
3712052
3712036
3698112
3902987
3804084
3701186
3682751
3681799
3681755
3681753
3681733
3681727
3854648
3745368
3737431
3694475
3690182
3680497
3680460
3679471
3696827
3693406
3693404
3693160
3692099
3679169
3679079
4406282
3936680
3749486
3733517
3696551
3696550
3696548
3680534
3677880
4003391
3774365
3782064
3769329
3686577
4959038
3691674
3690234
3675230
3675212
3675149
3674993
4223884
4076348
3673968
3773178
3766184
3734659
3672203
4059425
3745530
3690852
3690850
3674919
3670933
4036521
3735826
4720265
3890248
3882430
3820112
3705151
3680220
3680091
3677709
3676663
3669646
3664992
3660437
3659349
3653557
3652232
3648089
3646454
4083458
3669361
3669333
3669320
3669286
3668328
3769327
3680326
3675675
3667850
3667771
4020154
3726273
3721369
3667191
4599578
3797233
3710842
3709732
3706842
3694700
3679724
3674280
3669927
3667631
3665836
3883927
3775564
3680065
3677627
3704142
3759649
3713107
3706791
3668997
3668848
3668823
3665918
3663841
3662875
4437262
3999892
3776718
3769321
3713421
3681722
3674372
3662672
4076351
4054827
3786374
3737403
3665583
3661550
3661531
3661502
3661497
4217627
3727023
3727019
3707545
3702114
3660348
3660335
3716960
3701283
3672007
3671971
3668254
3659096
3708595
3695033
3773482
3755741
3735658
3656962
3656947
3656389
4298227
3720238
3676838
3656449
3655983
3655974
3780294
3740053
3682887
3668222
3663490
3654963
4053943
3887873
3727021
3666997
3666273
3734592
3652825
3671977
3655909
3650520
3887131
3846434
3805328
3773825
3746035
3655892
3649992
3649972
3649967
3776211
3734580
3663925
4624280
3655938
3652739
3742832
3734577
3654844
4026158
3658885
3658873
3651720
4301981
3660273
3691328
3658990
3644635
3642138
4665987
4030727
3941921
3849157
3741219
3653386
3648157
3648011
3648007
3647980
3641112
3641062
3640206
3640112
3635400
3635303
3635244
3633824
3624330
3624310
3624298
3830693
3680779
3680777
3677766
3663187
3644999
3640071
3639949
3687782
3682546
3677840
3672662
3657816
3639162
3638165
4388041
3766629
3655589
3857337
3636510
3695748
3669032
3636129
3635991
3790645
3706826
3644234
3638905
3634783
3634745
3634737
5101932
3927397
3888296
3644490
3634053
3634018
3634013
3633862
3633842
3955194
3925194
3789846
3638290
3632591
3632588
3632514
3631769
4907346
3708474
3664306
3706521
3631164
3766390
3723701
3686084
3681204
3671108
3654373
3640958
3639193
3630153
4128707
3706752
3675470
3664030
3637394
3714164
3690595
3680784
3670474
3658272
3658270
3653888
3636614
4111730
3760629
3999698
3696959
3730273
3667149
3625199
3625162
3909061
3740481
3708179
3972685
3739939
3736865
3701217
3694361
3959225
3699065
3668465
3621887
3621826
3731802
3730329
3640917
3620231
3620110
4106235
3652626
3633104
4149470
3618452
3618426
3618335
3618178
3618046
4008267
3749707
3624117
3691285
3681427
3680752
3650414
3623894
3616003
3653687
3631671
3631641
3614522
4130157
3893889
3885625
3869619
3777336
3772913
3771688
3690774
3685272
3679315
3659811
3639412
3637682
3619226
3618621
3618606
3613421
3613369
3613353
3612915
3612911
3608454
3608440
3596987
3630382
3665995
3646929
4476310
3708172
3612084
3716834
3714744
3674052
3612858
3612515
3610098
4076840
4072130
4013893
3888145
3798851
3679355
3609793
3609788
3609773
4128694
4037407
3658942
3623616
3623615
3622389
3608535
3628108
3625357
3607594
3607591
3607572
3650385
3660221
3637501
3606365
3606344
3606295
4034674
3674086
3648437
3605292
3605280
3605101
4097306
3643591
3619525
3619090
3614553
3814469
3618260
3612454
3601063
3600829
3600822
3781213
3622156
3830961
3866131
3688008
3652793
3639516
3637148
3627405
3613614
3606596
3834220
3615727
3613825
3608082
3602476
3597535
3597495
3597490
3597485
3804124
3637875
3621102
3603585
3758667
3602184
3595263
3636059
3634502
3625318
3594312
3594198
3592916
3592909
3654185
3606787
3591364
3637864
3630265
3599331
3590193
3590155
3590134
3708182
3678150
3657513
3636856
3602116
3599769
3599545
3589487
3589274
3926900
3706906
3652546
3652417
3587649
3587425
3739472
3618596
5079533
4550215
4366006
4259288
4077381
3760575
3709607
3688054
3670706
3646863
3637357
3607486
3605464
3605462
3601629
3595071
3592123
3592112
3592031
3585811
3584004
3583665
3583502
3579023
3578018
3573234
3571398
3555113
3514657
3734831
3687022
3666862
3606351
3598925
3585345
4913045
3829204
3665616
3658169
3630248
3598787
3584082
4071053
3855377
3751594
3675817
3675816
3669647
3637356
3581799
3982326
3739640
3647560
3600467
3581583
3581546
3581501
3744134
3712570
3665646
3631314
3675812
3669118
3663784
3628091
3598348
3578842
3578749
3618314
3577904
3577886
3577871
3577824
3576868
4012730
3624468
3590494
3940065
3690803
3622940
3575474
3575468
3575392
3962115
3627554
3594257
3574110
3573348
3640567
3635999
3626580
3581230
3573122
4581585
3697914
3627941
3626801
3605201
3601203
3579429
3572136
3572070
3572009
3951107
3695702
3598224
3583048
3570070
3685315
3587245
3587220
3587217
3571936
3569463
3569438
3740568
3732738
3778097
3626793
3568080
3780793
3567347
3567345
3567175
3567171
3567087
3567044
3567007
3962093
3616743
3605242
3588051
3588049
3581928
3566108
3566100
3566005
3565971
3648603
3633422
3588040
3560529
4681512
3957346
3650338
3563113
3797561
3757670
3684148
3627550
3594287
3592900
3571481
3567859
3562735
3562732
3562341
3562192
3561621
3561435
3543090
3932079
3633738
3610678
3561376
3561343
3561265
3560382
3874211
3778357
3652900
3559846
3559658
3559342
4323379
3650334
3615581
3605946
3594069
3565545
4020015
3816683
3595526
3729040
3702216
3721168
3627940
3558318
3556083
3556027
4041386
4032224
3888589
3560487
3557645
3554762
3554747
4019504
3631429
3577959
3561103
3559072
3553106
3553092
3552853
4090768
3738189
3708164
3576034
3570195
3551925
3551810
3732211
3549994
3549822
3581083
3702213
4946622
4295756
4106669
3905613
3810725
3694420
3597666
3548170
3547935
3547925
3547824
4674067
3880833
3652695
3636053
3629388
3598231
3570387
3563857
3561797
3557148
3556327
3547050
3546995
3546301
3872078
3683807
3640684
3622003
3621188
3583805
3575461
3546058
3545927
4729305
3805724
3549716
3544904
3544848
3544819
3544800
3589714
4327885
3892431
3683806
3596882
3566973
3556575
3620960
3616369
3610956
3575599
3572190
3556896
3542325
3596848
3593630
3589238
3586230
3581434
3561838
3541368
3541279
3654997
3598339
3585042
3580189
3540081
3650323
3650321
3551738
3543845
3538785
3793390
3570639
3624083
3616967
3548188
3536782
3536760
3602714
3589234
3568308
3561825
4651660
4581583
4302767
4084558
3962683
3954751
3864116
3822612
3736576
3732457
3724450
3675900
3641740
3641729
3627399
3556940
3554128
3554074
3549884
3549874
3547086
3545406
3539252
3536315
3533466
3525799
3524507
3681505
3549117
3547176
3601217
3835199
3771501
3591665
3591479
3549099
3531464
3531317
3531289
3543843
3530540
3530480
3530452
3565271
3540132
3529307
3838897
3663712
3582784
4799723
4523312
3833994
3608030
3607209
3560277
3533268
3528762
3528673
3528662
3528651
3597030
3591663
3570209
3527610
3527578
3689890
3607178
3579616
3548698
3526617
3576076
3561561
3561284
3553949
3525657
3525578
3525561
3702207
3610847
3546747
3541710
3535722
3535704
3535702
3533297
3524319
3524135
3524114
3524085
3852409
3717064
3533081
3556058
3522745
3561548
3521701
3684709
3557167
3525046
3520916
3520798
4169706
4104405
3717378
3519901
3519815
3758911
3535619
3519577
3588142
3605817
3555235
3576095
3517970
3517588
3813526
3735349
3627478
3516505
3807806
3551737
3544078
3528885
3515627
3515514
5054714
3716841
3514283
3514276
3561529
3529089
3519998
3513309
3679547
4559349
4046447
4021823
3776430
3703760
3668452
3604657
3547098
3541680
3514012
3512133
3509766
3502666
3497438
3983776
3631612
3567868
3548940
3511553
3511496
3511491
3511488
3511360
3511348
3510468
4591060
3567866
3565568
3542608
3510260
3510057
3510027
3509318
4364416
4085781
4022346
3528271
3516048
3507916
3507887
3760736
3609917
3513735
3774161
3564818
3913539
3603396
3546650
4051229
3574637
3541209
3534555
3513594
3504149
3503717
3873038
3512183
3570300
3523868
3637924
3522772
3531200
3509336
3776097
3599097
3679916
3567858
3532173
3507368
3499565
3644409
3576006
4187152
3639322
3594025
3565773
3536591
3504467
3496725
3496669
3578131
3518257
3592471
3535098
3529366
3786406
3521486
3505574
3493463
3725614
3583134
3547205
3492591
3492369
3492322
3492250
3492239
3919534
3491034
3490960
3490911
3511085
3489896
3489533
3564440
4683027
3822610
3632643
3487223
3836361
3762946
3674589
3534464
3522154
3515803
3503372
3486512
3486056
3483799
3483541
3480637
3475259
3473142
4053118
3519097
3740100
3732317
3532379
3526425
3514351
3497583
3484150
3923513
3560997
3503214
3495658
3483307
3515204
3927314
4834696
3483532
3482188
3481446
3481155
4009397
3971866
3743465
3710188
3584995
3564018
3549668
3543637
3543634
3535179
3485007
3573964
3484460
3480485
3480472
3480380
3585742
3523070
3510777
3506837
3523645
3478926
3478268
3477628
3774536
3524226
3522308
3497615
3477142
3567940
3483864
3476540
3476538
3475304
3898544
3883356
3719915
3518872
3508146
3508140
3483731
3474825
3526268
3508721
3480696
3478530
3478525
3472546
3732195
3478753
3471933
3471931
3471908
3471850
3471232
3423869
3616487
4053109
3583190
3577998
3546844
3470584
3470558
3586562
3513569
3481129
3478172
3477555
3469658
3469654
3469602
3469769
3468618
3467999
4878433
3563611
3532242
3467276
3467273
3467214
3497753
3491484
3466261
3498985
4077199
3557356
3504519
3465331
3465304
3877719
3611767
3501207
3501013
3464266
3464251
3607990
3538091
3492042
3489007
3463552
4145670
3519617
3508150
3462800
3462779
3462772
4148014
4117057
4052206
3657188
3563175
3515072
3478318
3469460
3467601
3467559
3464029
3463631
3461518
3457322
3457280
3457171
3457170
3454871
3448097
3446831
3446713
3441315
3323695
3558276
3554865
3511637
3492651
3461020
3460904
3460818
3460211
4762479
3518136
3491453
3823442
3753678
3616619
3590800
3518581
3508201
3496341
3458908
3458895
3458860
3621573
3523039
3507515
3503487
3464335
3458056
3457980
3501026
3500261
3473200
3473199
3454428
3454371
3454336
3454321
3454319
3518132
3511642
3448682
3780602
3447939
3447384
3446964
3615577
3577986
3488304
3473206
3448168
3445623
3445596
3445594
3445463
3479603
3480526
3422779
4097023
3472249
3443235
3443208
3443110
4687396
4083685
3518108
3441733
3441572
3441406
3447379
3440367
3440365
4015245
3524770
3505826
3505158
3446654
3444936
3439726
3439377
3806318
3674343
3510756
3503293
3465246
3445822
3745511
3493820
3565379
3505968
3495223
4073256
3856949
3518611
3447166
3436895
3436854
3436074
3505468
3481426
3462109
3437595
3435400
3435395
3435243
3434204
3434144
3480912
3458386
3437784
3433484
3433434
3503883
3443421
3436837
4655879
3712789
3553555
3459274
3445002
3426783
3420394
3653586
3554341
3498743
3495881
3495563
3488571
3488159
3481363
3478409
3465517
3432073
3432027
4005896
3488253
3488252
3431337
3431293
3530773
3521791
3437290
3534289
3494448
3494446
3494421
3429488
4511475
3511800
3428322
3428307
3428293
3428091
3427989
3534995
3504717
3499542
3432485
3427347
3427331
3427317
3427182
3427153
3492208
3429304
3867310
3458130
3438338
3425564
3820566
3611876
3593739
3492128
3472461
3424254
3509369
3464512
3433104
3423373
3423346
3439142
3488128
3674289
3425411
3422354
3422349
3422237
3423785
3420930
3419921
3443810
3443809
3431850
3419743
3419209
3433394
3494187
3436983
3416779
3494178
3479415
3464894
3415433
3415403
3414908
3507180
3414521
3414497
3413941
3519984
3468399
3413640
3583728
3428086
3428084
3427074
3412855
3607959
3463121
3426930
3411848
3411839
3411700
3411674
4023631
3756503
3684707
3475085
3434671
3410888
4672741
3962840
3752339
3615440
3583225
3551876
3540863
3540848
3531548
3466103
3429566
3428199
3427289
3421730
3421645
3419841
3413073
3409820
3409253
3405273
3405259
3402184
3401895
3396452
3395418
4354031
3541784
3479184
3472462
3444927
3409208
3409173
3409163
3409081
3409054
3408794
3472294
3409499
3408468
3408428
3622021
3424832
3408049
3407172
3407150
4487824
3580414
3494194
3406020
3730285
3595005
3426385
3413268
4156966
3818141
3443674
3404116
3570446
3500578
3488567
3408748
3402532
3494154
3694431
3625031
3491741
3468482
3442511
3425394
3413418
3401116
3502501
3400606
3400583
3805145
3536563
3437989
3399844
3399809
3469618
3421440
3410620
3408755
4440665
3479529
3398046
3397945
3397927
3529662
3409013
3596735
3436120
3434527
3396641
3396597
3782105
3617451
3432264
3408590
3401284
3398762
3395718
3470766
3467057
3460464
3403565
3400363
3397799
3393722
3393663
3537608
3428131
3498611
3649732
3412912
3391223
3472561
3412919
3390381
3390353
3774569
3494148
3472090
3411972
3406808
3389016
4528675
3455111
3438318
3412651
3408744
3659819
3573517
3434496
3434485
3416346
3416323
3415708
3403014
3402799
3400991
3399703
3399530
3396362
3395311
3394856
3394855
3385936
3382265
3382095
3379807
3376224
3371242
3369232
3350570
3473259
3387258
3387223
3387170
3804072
3386245
3386191
3386189
3392010
3384650
3384622
3572785
3436190
3383676
3383672
3527296
3439272
3434529
3404301
3386832
3384409
3539953
3464883
3436545
3423147
3423085
3382630
3382239
3382229
3382166
3494141
3391350
3380922
3380899
3380858
3380845
3782753
3392438
3380033
3379982
3489622
3465503
3378544
4587596
3786185
3596510
3386805
3377643
3483013
3507654
3446318
3446315
3411062
3383596
3376138
3376111
3374744
3679670
3484871
3446358
3433406
3391654
3382221
3411195
3382223
3374805
3374740
3374611
4459581
3443312
3434351
3373577
3373548
5025280
4799722
3477065
3387079
3386818
3372495
3372477
3788680
3439713
3474436
3439897
3387097
3371017
3371011
3447685
3416717
3412720
3369908
3369683
3575885
3570965
3467105
3441405
3440133
3439894
3431427
3404340
3370649
3368877
3368799
3367995
3349763
3637425
3435490
3410613
3408139
3373208
3430605
3388733
3389174
3380912
4772901
3622948
3494142
3470855
3436641
3423863
3417422
3398988
3398986
3394196
3394120
3390795
3390793
3386826
3374297
3372271
3370396
3369284
3369279
3369274
3365892
3365280
3360152
3356567
3365098
3365005
3364935
3499080
3482427
3443541
3433862
3386136
3364218
3860597
3436579
3423122
3407530
3389396
3362528
3823077
3390586
3368157
4027969
3667702
3499057
3433057
3424575
3366408
3360067
3532605
3446348
3386069
3385772
3359330
3546132
3444418
3397905
3357406
3357342
3663207
3446341
3430207
3389767
3386597
3459808
3400952
3355072
3417651
3371131
3699338
3699329
3427857
3372093
3365256
3365155
3359124
3352864
3506908
3370104
3365219
3357263
3351457
3351456
3410437
3377787
3434775
3424561
3370070
3350520
3350500
3383357
3362364
3349738
3349672
3695828
3576573
3534998
3517178
3375501
3366404
3355866
3349172
3348145
3346765
3414657
3841341
3735133
3438361
3376540
3375203
3344929
3344928
3648670
3355544
3342933
3480225
3426233
3406554
3342315
4017241
3916111
3718075
3506907
3392539
3387810
3364790
3356655
3354586
3347791
3347297
3347294
3347264
3341364
3338297
3338289
3336785
3335133
3334690
3243804
3491960
3411900
3356621
3355002
3340369
3340368
3446469
3412973
3392516
3340581
3527354
3362771
3358407
3353202
3350575
3343107
3338536
3412933
3338819
3336092
3640417
3387320
3380575
3380210
3353197
3335841
3335794
3412970
3356645
3336983
3335165
3582184
3389283
3466112
3438394
3335030
3334999
3334979
3427704
3424388
3349166
3335381
3334940
3334902
3334885
3371763
3426639
3370163
3328452
3760639
3760632
3358876
3327670
3263329
3431184
3412968
3358533
3353230
3412967
3410052
3394958
3332163
3325277
3325226
3325224
3325178
3573186
3472186
3441782
3323629
3322527
3322122
3322118
3384380
3322240
3321015
3337313
3700584
3636416
3375406
3357000
3350576
3331896
3331722
3319570
3319567
3436998
3387424
3317945
3359601
3317641
3973153
3492937
3427768
3423229
3390501
3376854
3350876
3347668
3337775
3317159
3316906
3316894
3313700
3312558
3312506
3308353
3306546
3295905
3475481
3348252
4544865
3446277
3366838
3361502
3316541
3315693
4486391
3951731
3355316
4154234
4059058
3411445
3325362
3314627
3314616
3634599
3339649
3313997
3887736
3367113
3348859
3324350
3560288
3338394
3412960
3355558
3327455
3310875
3310870
3310790
3628746
3388829
3336949
3872998
3365933
3353874
3346088
3343468
3322645
3321460
4677774
3446385
3392058
3392050
3392049
3346099
3327136
3342123
3306372
3306320
3306282
3546822
3384348
3341075
3498759
3359261
3303848
3414637
3383053
3376184
3309534
3304430
3381689
3314447
3299802
3299721
3299697
3397127
4943026
3400100
3317525
3779147
3297581
3297576
3394957
3385428
3296768
3296745
3296722
4737485
3361581
3342447
3339861
3329661
3295810
3309125
3293923
3380194
3292548
4667946
4410875
4039365
3968537
3839940
3654532
3547171
3507993
3354734
3343151
3340193
3335951
3302277
3302269
3295002
3294667
3294426
3290787
3285935
3278554
3269534
3349252
3290616
3290579
3290567
3290546
3612551
3314096
3302963
3289604
3217064
3570223
3288004
3287999
3309063
3327796
3394939
3372225
3984840
3362093
3350384
3285692
3338880
3309740
3305585
3304673
3296311
3287382
3284544
3496152
3724517
3380551
3292850
3282755
3282697
3412958
3290715
3345061
3335314
3281954
3281888
3281873
3281861
3281846
3281820
3433886
3281071
3281027
3281001
3280968
3433920
3345908
3295320
3889476
3433914
3296652
3358591
3351561
3312001
3308007
3523177
3356053
3330806
3277593
3276974
3906675
3332464
3327790
3327355
3313874
3291995
3286194
3278710
3608686
3424970
3305501
3275764
3281528
3274546
3274543
3394954
3305567
3286960
3273473
3273467
3272019
3368234
3365403
3327404
3790471
3755508
3707802
3395076
3349877
3343132
3294197
3290743
3290439
3282991
3282018
3269473
3266602
3266594
3266040
3266033
3266027
3264377
3321176
4510604
3593120
3285385
3527839
3432020
3404398
3295686
3267725
3267724
3366191
3323359
3317440
3305841
3303594
3293721
3283499
3271714
3266939
3433895
3292368
3277620
3266274
3327142
3305644
3299930
3277636
3265526
3707305
3580832
3288642
3511889
3346232
3323060
3262803
3611330
3517109
3306746
3270272
3261881
3319212
3261186
3260289
4456018
3961006
3707121
3260867
4033595
3293379
3283874
3767758
3678731
3440571
3273675
3271975
3258248
3769702
3433899
3315725
3293558
3261632
3257844
3567450
3288822
3271887
3254631
3254618
3254606
3318719
3312985
3370015
3349910
3252372
3252343
3252265
3433906
3281783
3251580
3251564
3251560
3367544
3251868
3887717
4243930
4104526
3959790
3860407
3760521
3632731
3630633
3627479
3540631
3540602
3535007
3513758
3338347
3312922
3273331
3258965
3254026
3250240
3125455
3356790
3334621
3333890
3315430
3823093
3340398
3334479
3333883
4817305
3340934
3247273
3247206
3312997
3258605
3248280
3720175
3287567
3287494
3322564
3311431
3297540
3282076
3245212
4266326
3337547
3433889
3430075
3285039
3282070
3267680
3256938
3750717
3333873
3310953
3292584
3285336
3244029
3346262
4413946
3377998
3253202
3241627
3368040
3288968
3275167
3271174
3242719
3240653
3240589
3240583
3375024
3345909
3282144
3248538
3237596
3237587
3237442
3275548
4457506
3326306
3433045
3326569
3281617
3243051
3235151
3277082
3266389
3259908
3251870
3234240
3336023
3311318
3622723
3316754
3311768
3251532
3259213
3259089
3256998
3238790
3230611
4286392
3279198
3245119
3229579
3229525
4122509
4013332
3631105
3628696
3568991
3361357
3321306
3287393
3286129
3262668
3257187
3255376
3247076
3245187
3243906
3243660
3233183
3233176
3233174
3233125
3232926
3227092
3226362
3224030
3212606
3210910
3335296
3278831
3260172
3227638
3227636
3553496
3289117
3287936
3287854
3287852
3277762
3226667
3245021
3225369
4012514
3334644
3310385
3337404
3315333
3247082
3316934
3265866
3258366
3256867
3246116
3223181
3396153
3277771
3251651
3256967
3236010
3650722
3307991
3252834
3217353
4697261
3245161
3218055
3218038
3218028
3218004
3262024
3221602
3220884
3346957
3340558
3228845
3260345
3225313
3238303
3256752
3229612
3214051
3214047
3217405
3213133
3504975
3290674
3212576
3251736
3249679
3222823
3219108
3208953
3238347
3230286
3226001
3210143
3233530
3226770
3260001
3228945
3245506
3239847
3208630
3668571
3339715
3207880
3207809
3281728
3215662
3699692
3646419
3315681
3262681
3257910
3251842
3249680
3242811
3242606
3209293
3208695
3205206
3194951
3194948
4004036
3276330
3261822
3208177
3352318
3221934
3219558
3216976
3214203
3254042
3239277
3229715
3208289
3313055
3202536
3289121
3201964
3201963
3517080
3376460
3277896
3270101
3207677
3204832
3072443
3278737
3230662
3213193
3208141
3208113
3198791
3198782
3268688
3248020
3197672
3197668
3288517
3269639
3223869
3213037
3198437
3289124
3276286
3236850
3202623
3196583
3196478
3288823
3259183
3234101
3198061
3197194
3197176
3197143
3482372
3640411
3205586
3270889
3194807
3419333
3243509
3210927
3204731
3269463
3214162
3213224
3146780
3705961
3218040
3216278
3212879
3205061
3191147
3419137
3198366
3198333
3189956
3189939
3394929
3199283
3189215
3188837
3357751
3308678
3241563
3241555
3215680
3195752
3765067
3229653
3189611
3187774
3856943
3384779
3335131
3270095
3235012
3186766
4576849
3759358
3184987
3184984
3865809
3612958
3525943
3525248
3374630
3329076
3277832
3262150
3243494
3202278
3196461
3196417
3192261
3187533
3183331
3181350
3177585
3177572
3177106
3171218
3162305
3195724
3184097
3263596
3237876
3186332
3186329
3182572
3242314
3237086
3230912
3227525
3182252
3297084
3241546
3233820
3192725
3270100
3182056
3365580
3265389
3203262
3348612
3321822
3223096
3194179
3206435
3205057
3178625
3178610
4911224
3633414
3328908
3220513
3192943
3570203
3309485
3208488
3193807
3190389
3179042
3175625
3439042
3225503
3189883
3255321
3249198
3253886
3212712
3174986
3174972
3237963
3192003
3174258
3174204
3174197
3174192
3174190
3174148
3252475
3246409
3220574
3196907
3173487
3406925
3237836
3172280
3172226
3172216
3308066
3268964
3237087
3179086
3253522
3214732
3701888
3221539
3210381
3170291
4065239
3252745
3247643
3221532
3172793
3172573
3169632
3169610
3169535
3217087
3206175
3175743
3168520
3168495
3321827
3422619
3175199
3954570
3880150
3659540
3353386
3345889
3281190
3245889
3210699
3195479
3182275
3165855
3165779
3165467
3164707
3164676
3164671
3164321
3157188
3144426
4492284
3832838
3323298
3197770
3181474
3179929
3482684
3465072
3235542
3225231
3202798
3166052
3179938
3175185
3386613
3245807
3183097
3226404
4364279
3175228
3161975
3161924
3161909
3161900
3196092
3161067
3160968
3222531
3206202
3199010
3160317
3160307
3324106
3226397
3248207
3161334
3268596
3214236
3174285
3245618
3196887
3166951
3159021
3158074
3234520
3175642
3157425
3157392
3157379
3157344
3245617
3157893
4003303
3175541
3174119
3156130
3156115
3200191
3173453
3183343
3155567
3155527
3216548
3206207
3154954
3154943
3154935
3223250
3182531
3170425
3156782
3154500
3226399
3217328
3217327
3153486
4083356
3190797
3176258
3153651
3152546
4126514
3919687
3194209
3150397
3328300
3192577
3151495
4714647
3226509
3174621
3163546
3618688
3403816
3278902
3278898
3196807
3180192
3158141
3153965
3149493
3148492
3140006
3137013
3136343
3240695
3196764
3176046
3160909
3146511
3146472
3146468
3181167
3176264
3145673
3201749
3179780
3176567
3144948
3217326
3204330
3188743
3158739
3151004
3237084
3226499
3159804
3143123
3252753
3213329
3205854
3199370
3232425
3193030
3167264
3155912
3142177
4430553
4281093
3199787
3180277
3173185
3156788
3179677
3140475
3217325
3170968
3162382
3160660
3139584
3896305
3268602
3191406
3190892
3179421
3178677
3165006
3142089
3138787
3138755
3138750
3438697
3224865
3160422
3154286
3145576
3137633
3137611
3226493
3204199
3193930
3136489
3136482
3285757
3135619
3135584
3395434
3176328
3144025
3369833
3136937
3140559
3207250
3195886
3170171
3166982
3144745
3132778
4028171
3212952
3178272
3131398
3263708
3201861
3130733
3321808
3145575
3127334
3185410
3307157
3253354
3189428
3176043
3175070
3133388
3128624
3128407
3128183
3126515
3123876
3122139
3116046
3112490
3230223
3185430
3156631
3163504
3145607
3142531
3126851
3126805
3218922
3185418
3149767
3141782
3759173
3204175
3124552
3124505
3124472
3191100
3166771
3143085
3268584
3141672
3121748
3121718
3823200
3186194
3133937
3120887
3120883
3120879
3236061
3129585
3119661
3135554
3131353
3119060
3119055
3167018
3135528
3218904
3182040
3168115
3156317
3116882
3116881
3116830
3174756
3131607
3303043
3164442
3157549
3122263
3121186
3117391
3117373
3117336
3163807
4357496
3191074
3140591
3701440
3374576
3161148
3111485
3111438
3644214
3258435
3148300
3127840
4179496
3205865
3149359
3133729
3110206
3110186
3110185
3252463
3167639
3138859
3112640
4643098
4562405
3143653
3108230
3108205
3163793
3141377
3107214
3266847
3262148
3172981
3130710
3128684
3127207
3106131
3103092
3096037
3094993
3090230
3622520
3219071
3138296
3116394
3105101
3105077
3126731
3291817
3123171
3154664
3125746
3125344
3102722
3102698
3102695
3164386
3119769
3309477
3131423
3128865
3229668
3148292
3100315
3564494
3518841
3149098
3098871
3123543
3114795
3098284
3098270
3146788
3132220
3295543
3110779
3248191
3134546
3114699
3113944
3095619
3095614
3095604
3443863
3143255
3113923
3093329
3082298
4955670
3190115
3094354
3185756
3149664
3129143
3128463
3093388
3390255
3144372
3142546
3118214
3117677
3110626
3103473
3434371
3131432
3129150
3175103
3115694
3104754
3674836
3103744
3098822
3113784
3088722
3717375
3156643
3118679
3099420
3098780
3087761
3087716
3180555
3140628
3100960
4164309
3326352
3137005
3131835
3128745
3126247
3121972
3111067
3099442
3088489
3088143
3088128
3073469
3137092
3150518
3084780
3084730
3111392
3105949
3105466
3096985
3352032
3111355
3309466
3132836
3132064
3101951
3082552
3082549
3189823
3081819
3164605
3158275
3137374
3103858
3146620
3101108
3080398
3080395
3080360
3140552
3108467
3088908
3078935
3751972
3265034
3132058
3089798
3078707
3087540
3077384
3077357
3146975
3127131
3148653
3129840
3121157
3103340
3075258
3075242
3431022
3084102
3148081
3098734
3090516
3072994
3149087
3108842
3083298
3080837
3072378
3080176
3111756
3108845
3099677
3098476
3097535
3092513
4289603
3284160
3166507
3123097
3118279
3108434
3104087
3100887
3100882
3083788
3082247
3078450
3071079
3070307
3069233
3068032
3064700
3757344
3085440
3083340
3069101
3068146
4057100
3132046
3119600
3108840
3080792
3392199
3093891
3093815
3065471
4358769
3365796
3118263
3759979
3620034
3110603
3082329
3063791
3070607
3193489
3138904
3123668
3121158
3064107
3064089
3407683
3078363
3141259
3070685
3060910
3164603
3066125
3060102
3060101
3256936
3159403
3100753
3068982
3065290
3057973
3106338
3056770
3056716
3110993
3139763
3053356
3053345
3053315
3178722
3096736
3089989
3060885
3050939
3050930
3050891
3955956
3084088
3069778
3049784
3068947
3110886
3106420
3061351
3132426
3048376
3902849
3095692
4677390
3817713
3734561
3213118
3139818
3139433
3118406
3104573
3085141
3070063
3065271
3051378
3044641
3008507
3057147
3055855
3046260
3046166
3080740
3045692
3125213
3045423
3045407
3062410
3044734
3094054
3078299
3060843
3044169
3044138
3818853
3151475
3057608
3055823
3049118
3046820
3199300
3102135
3092803
3395113
3075710
3070774
3041770
3041769
3407688
3095973
3084915
3070057
3040753
3708439
3357623
3047303
3040193
3395112
3221734
3173999
3091483
3077061
3074499
3048216
3078801
3048093
3680790
3113568
3075951
3072035
3063297
3050680
3037937
3099589
3741661
3080434
3381801
3065373
3035612
3076632
3044367
3137140
3105150
4721677
3386548
3045338
3797416
3753179
3057411
3032742
3718033
3131717
3111249
3092332
3070553
3061354
3060339
3052778
3039019
3030483
3023392
3132823
3064214
3042418
3041077
3041062
3031560
3031555
3031497
3107984
3071927
3075037
3029365
3029275
3029262
3045293
3027647
3092338
3092336
3061485
3042187
3045333
3065235
3086891
3131958
3697089
3389819
3143899
3048761
3032646
3024400
3024267
3274093
3037901
3022619
3119876
3092335
3049407
3033274
3023140
3048802
3182033
3049962
3039060
3060558
3042887
3021579
3020973
3020951
3275998
3080422
3031233
3123690
3118829
3092333
3090697
3076804
3032697
3029215
4030419
3046570
3075587
3042803
3083845
3064724
3037745
3017093
3069341
3067974
3023653
3312758
3135330
3092339
3060584
3027158
3022823
3022727
3022593
3020905
3014940
3128994
4465214
4012261
3858017
3833809
3772713
3744187
3742302
3635488
3418601
3343740
3343068
3220195
3131088
3129988
3115284
3070596
3070582
3023847
3022423
3012930
3011026
3004069
2999917
3040305
3013110
3077242
3024252
3019228
3064156
3021047
4335637
3027599
3022546
3021060
3009718
3145387
3139330
3110543
3073089
3039036
3012269
3008745
3321506
3006344
3577171
3390236
3069235
3043657
3024251
3022924
3017154
3004855
3136806
3131940
3048914
3003681
3058826
3230290
3127467
3010673
3067490
3086765
3102176
3019150
3000806
2997376
4109066
3206603
3080931
3012542
3004893
3004859
3000367
3094410
3089031
3060537
3046272
3044200
3028616
3013086
4013508
3175565
3045848
3043819
3040416
2997057
2997052
3058342
3034779
2997345
2996329
4136472
3387545
3247199
3159954
3140055
3137930
3078686
3076072
3055752
2999351
2995915
2993284
3059726
3033703
3012673
3008603
2994829
2994747
3156954
2999994
3156953
3007775
3004467
4183212
3003089
3517169
3121535
3075753
3063856
3004784
2993590
2989905
3039044
3018815
3040986
3156950
3093052
3039338
3091769
3024745
3000109
2993635
3683943
3329985
3136539
3070844
3050567
3033060
3020514
3020033
3039798
3338195
3040985
3009783
2998496
2978979
3635082
3109092
3064520
3371392
3201737
3091762
3049196
3033530
3022401
3020003
2994824
3295046
3071975
3059257
2975639
3055190
3032320
2981485
3091755
3032012
2972224
2970576
3252611
3026562
3008643
2975409
4312700
3739391
3535184
3096009
3091753
3061521
3061506
3060001
3059928
3058926
3018072
3014013
3012138
2996561
2982213
2978914
2967468
2967466
2966815
2966322
2964092
2963812
2963015
2954693
3073041
2988031
2966423
2966417
4034073
3091750
3035905
2987882
2967746
3248131
3020778
2965097
2964295
2975454
3013456
3091741
3032091
2962645
3694808
3165197
3091736
3045610
3077922
3026888
3017661
2958130
2970744
2957443
2956662
2956647
2995118
2970587
3059525
3190590
3023564
3014385
2955549
3317889
3096978
2974596
2974590
2967426
2954807
2954794
2954787
3743540
3014211
3004338
2958493
4772900
3001006
2974936
2953497
2963870
3014648
2953354
3091694
3023296
3003946
2992073
2959144
2958950
3653303
3253010
3219281
3026383
3026376
2958982
2958907
3071263
3039697
3039408
3004333
3004331
4461056
3539310
3026350
2949386
4261600
3155635
3131992
3066595
3046424
2997661
2989873
2948497
2947116
2943147
2936748
2928401
3090007
3017729
3013448
2958980
2953837
3014380
2997017
2978789
2947523
3110890
3014409
2981309
2948942
3063338
2945762
2945612
2978639
2974774
2955618
2955617
2944891
2944884
2944809
2944801
2944782
3062042
2974061
2958750
3157237
2978585
2949756
3015018
2964046
2954873
2947219
3022990
3013443
2978604
3028969
3004740
2949723
2940888
2940844
2940756
3771645
2981800
2977874
2972692
3219262
2996991
2944162
2943858
2942033
3063584
2938338
4115149
2970822
2937025
2981699
2956763
2936541
2936523
3002191
3002190
4874239
3063594
2944756
2944745
2944280
2935456
3838912
3040950
2949067
2945297
2933229
2933228
3071979
2941758
3741038
3377336
3102558
3068019
2996082
2944175
2939508
2938796
2933797
2932975
2931671
2928433
2922835
2891324
3008363
2940816
2930844
2978924
3136804
2939551
2929207
3774122
2995565
2987675
2953165
3858175
2967297
2939550
2927538
3057038
3492754
2938124
2924243
2963360
3189516
3023575
3008362
2957796
2931488
2923187
3322493
2972393
2929901
2922373
2922341
2938409
3091670
2939609
2972254
2951867
2951866
3101857
2953159
2950599
3087322
2933318
2956844
2945784
2922652
3087321
3029938
3001051
2956187
2917353
3740367
2990476
2946483
2941116
2963646
2930550
2928167
2914741
2916129
3855293
3095949
3069736
2962892
2946518
2942964
2913342
2910641
2909570
2909567
2909294
2909290
2905759
2903813
2903802
2989662
2919438
2920256
2922412
2918549
2910599
5096389
3091648
2909919
2909898
3290067
3290063
3179310
2909215
2909204
3111896
3091645
3027049
3091642
2984239
2907396
2922253
3018769
2943016
2905441
2905390
3377974
2914047
2912833
2911391
2959107
2907713
2972687
2962594
2904042
2920636
2913986
2911661
3226797
3104673
3072682
2922838
2940405
2920224
2900295
2991480
2937607
2922116
3033471
2911965
2897889
2901069
2920999
2947624
2906393
4346176
4156855
3146018
3129684
2938097
2913288
2893681
2893653
2890198
2978354
2910480
2894852
3405333
2894047
2921205
2893133
2906579
3161387
2996929
2928934
2927912
2924933
2917036
2891991
2987484
2898611
3055795
2978340
2950253
2904714
2888582
2888570
2929310
2909983
2953913
2911411
2887353
2949446
2905286
2896362
2886113
2916446
2900646
2885420
2898705
3017764
2910970
2894043
2893102
3091626
2976591
2949402
2919000
2916545
2882958
3817717
3033666
3014320
2941709
2921475
2912476
3379554
2898598
2896956
2882843
2881867
2896660
3095919
2894843
2892448
2891638
2890567
2881494
2940521
3834473
3500165
3138490
3000051
2989686
2938833
2923369
2896420
2896051
2892005
2891457
2890752
2890566
2887090
2881395
2881366
2878833
2877581
2938110
2966902
3026467
2937382
2880410
3095940
2941799
2917013
2877750
2897611
2894507
2890563
3005245
2900264
2883695
2881179
2915629
2935175
2894739
2892465
2874014
2881880
2873959
2898064
2873428
3086038
2953572
2900858
2875602
2874204
2872670
2872667
2890442
2880289
2887731
2871057
2948060
2938108
2938107
2887077
2898265
2929882
2890516
2881026
2874523
2938121
2896187
2876069
2988108
4205236
3086009
2954317
2866542
2866012
2876055
2899916
2862707
3891530
3604889
3457648
3092210
2954318
2947462
2939034
2935470
2927840
2872972
2867836
2861116
2861110
2857868
2883962
3401938
2908940
2904494
2867266
2861709
2889616
2884164
2862240
2873166
2859933
2902140
2860348
3427885
2873552
2873497
2859054
2874127
2858483
2875237
2858157
2847610
2881315
2874810
2929965
2885243
3504359
2881782
4136464
2927798
2865577
2854678
2856029
2856554
2886156
2867924
2858032
2873801
2868782
2858747
3032285
3027035
2946904
2888556
2875830
2850308
2898510
2939451
3781957
3173982
3107251
3086450
2914300
2891025
2876890
2874223
2874222
2868411
2865922
2863351
2848620
2848581
2847749
2847743
2843477
4397665
3010414
4678967
3226301
3057235
2921453
2890120
2862047
2861446
2878363
2848010
2878851
2896468
2879567
4115445
2910057
2862141
3860361
2923255
2907565
2879559
2841628
2844012
2965652
2890298
2841331
2859126
2853906
2837405
2837379
4061462
3607434
3128718
2885540
2845995
2913090
2870934
2837904
2835741
3534347
3166660
2869104
2848243
2848242
2905474
2885452
4165610
2859700
2837284
2832006
2904660
2863852
3153655
2890103
2855998
3415277
3251958
3198893
3126011
3105527
2992755
2989366
2921941
2904479
2896516
2889966
2887492
2865297
2847590
2842250
2841680
2829771
2827841
2867401
2837051
2829051
2860382
2830758
2828473
2842040
2833216
2830905
5090542
2921595
2877969
2859323
2838843
2855180
2828953
2824813
2898187
2837270
2826765
2831188
2822867
2872878
2834616
2816731
2811231
2918371
3277774
2820553
2820168
2820080
2874495
2822534
4010106
2891367
2817718
3028257
2953920
2879518
2845413
2839259
2816697
2886694
2857191
2844056
2816217
2816210
3005290
2893224
2872871
2857637
3188957
2877980
2820604
3070599
2952128
2912699
2891017
2879587
2868453
2847700
2834953
2834542
2834467
2813859
2796267
3153136
2845551
2831121
2813302
4034261
2856297
3098100
2867389
2857101
2843235
4073896
2818660
2818197
2818196
2816672
2811176
2828413
3418671
3224649
3059896
2817686
2809101
2809092
4092253
2871429
2817383
2825911
2808241
2852518
2853417
2829926
2799513
3386640
2801616
2842702
2840687
2824674
2823687
2840217
2796172
3008568
2842491
2823686
2987320
2820680
3100184
2831127
2824398
2823691
4028684
3891362
3820486
3589529
3490381
3427772
3322427
3263760
3190572
2941901
2925683
2902006
2883247
2874322
2833360
2827905
2810358
2804937
2802692
2801777
2797892
2795087
2791203
2853347
2837205
2813229
2806770
2807430
2892837
2798864
2794539
2791198
3049194
2813854
2818915
2791840
2791215
2787626
2790612
3226722
2852874
2841498
2798582
2781055
2780926
2854724
2849704
2830361
2803786
2799438
2785884
2816812
2836562
2790582
2781552
2849715
2814156
2799378
2797807
2793901
2866672
2799380
3237114
2815661
2797817
2782136
2844479
4599788
2878589
2828150
2815659
2812946
2780717
2776985
2918424
2813524
2793268
2781631
2809500
2780718
3465977
3082865
3082642
2975456
2943216
2905819
2883487
2834398
2824489
2789208
2784725
2779988
2779652
2756404
2808928
2799439
2778995
2788525
2812385
3006666
2787533
2778626
2830849
2809955
2804305
2786806
2784811
2820669
2785720
2823293
2817457
2784807
2775948
2775942
2828287
2813708
2784788
3947580
3006638
2921909
2795478
2787631
2787510
2820589
2760623
3388775
2891610
2824101
2791490
2771360
2816170
2780421
2776187
2770834
3091321
2951878
2823501
2770319
2803263
2802899
2925626
2780454
2823843
2814000
2780779
2783569
2778654
2766030
2786787
2778665
4721599
4249948
3501127
2866290
2843937
2801443
2784217
2783519
2762150
2761835
2812655
3057402
2773481
2764344
2764139
2764091
2764086
2842492
2780394
2765071
2762604
4001715
2763346
2829334
2794335
2801058
3159175
2770572
2821953
2835802
2774324
2759536
2758590
2821952
2768694
3226195
3226191
3226184
3152789
2786938
2759651
2759646
2754338
2987200
2876350
2796155
2752198
4007326
2770038
2808267
2784319
2763872
2745659
4026089
2999471
2861410
2818626
2805036
2802737
2791931
2778251
2775166
2771725
2754108
2821978
2783703
2748717
4707045
2749934
2948270
2884392
2761934
2756345
3947389
3755600
2816016
2782329
2761329
2758907
2760574
2762473
2760583
2818202
2745690
2991042
2858611
2758715
2751983
2737627
2737146
2772573
2752084
2736586
2782258
2771592
2757794
2943144
2752459
2749862
2949112
2753889
2734986
2782433
2755578
2749869
2743637
2783409
3055447
2949089
2809228
2746189
2787093
2781593
2752960
2731147
2728129
2782327
2729393
2832080
2754444
2743717
2729378
2732704
2729380
2780914
2726943
2744654
3815364
2737002
2746235
2744474
2754469
2831975
2732591
2802113
2736414
2722023
2719916
2719869
2727408
2773724
2753112
2732639
2722727
2907698
2789673
2752611
2743705
2719801
2771758
2741442
2733140
2726933
2852511
2746924
2732924
2715883
2796485
2731733
2907690
2731785
3632312
2755026
3819565
3774564
3098814
2918376
2772137
2771330
2761226
2723986
2716959
2815737
2772893
2714457
3023175
2725035
2785678
2713831
3382104
2755616
2729748
2873021
2790178
2785374
2747988
2747938
2724029
2748894
2785619
2740398
2725113
2720987
3492882
2727539
4669219
2816018
2724489
2722676
2712749
2712748
2712742
2712741
2712738
4447713
2730408
2722667
3552354
3153389
2908989
2761259
2723125
2703807
2760456
2717999
2738255
2835259
2718928
2713268
2715020
2818037
2783967
2964280
2946851
2848950
2782469
2755240
2713255
2711776
2710562
2697273
2747344
2747343
2716085
2729667
2709625
2785077
2800347
3313261
2741591
2716361
2856695
2711118
2706265
2877197
2855843
2709660
2700149
2921284
2754593
2731527
2801177
2831230
2717944
2699446
2742442
2713800
2714850
2757648
2802318
2794347
2874439
2758917
2755858
2755716
2688838
2726962
2742435
2782452
2688381
2701925
2742814
2698845
2685981
3050547
2730380
3771080
2949974
2881448
2698908
2694478
2690489
2685449
3052638
2709661
2668757
2736663
2720446
2715429
2680332
3233204
2742785
2700071
2679194
2677460
2744499
2740572
2681412
3182267
2714725
2689279
3237387
2694865
2779727
2764993
2762196
2717887
2686705
4573391
2684833
2698588
2703878
2706685
2687411
2704758
2696330
2694826
2718691
2712224
2700391
2696328
3171509
3697124
3407973
3063001
2865249
2858576
2849831
2810404
2747356
2723760
2705851
2695826
2689781
2689773
2680888
2676892
2669426
2669422
3273959
2711715
2699855
2696759
2683871
2693533
2695822
2688934
2933065
2691141
2796798
2719414
2700383
2679759
2688930
2697450
2694693
2714485
2746502
2696146
3761224
2696152
3092370
2661376
2654964
3378108
2888520
2776064
2737477
2736125
2734955
2707256
2674684
2674123
2673200
2671375
2668535
2666338
2659293
2656654
2685500
2676302
4152850
2695127
2670324
3175639
3034477
2717142
2660063
2678983
2662564
2654916
2685336
2666765
2654149
2945920
2661865
2654156
2667091
4208677
2656554
3432273
2762706
2678928
2667987
2685505
2685502
2676714
2654488
2837947
2821333
2688177
2657162
2657156
2650800
2734116
2717138
2734170
2664702
2660327
3041567
3041562
2821711
2787666
2758237
2665764
2653273
2651108
2651052
2649343
2871799
2671988
2874864
2681262
2657914
2649160
2712727
2702417
2666009
2658561
2677396
2649910
2740372
2782741
2664149
4333209
2683360
2681344
2649900
2633618
2684019
2653464
2644079
2663291
2647943
2640475
2838375
2682613
2651901
2635058
2631150
2629572
2957366
2742468
2646239
2646237
2861325
2672935
2650335
2631151
2650163
2644345
2647905
2853885
2761829
2745312
2729671
2644942
2630547
2628622
2612096
2782714
2635878
2669411
2635073
3171431
2646696
2640358
3505859
2655580
2693268
2636827
2633352
2651120
2615501
2613535
2737189
2699556
2629396
4960455
2655538
2648232
2613561
2839936
2607021
2628676
2626589
2652024
2650797
2650795
2643313
2688231
4372263
4340259
3972804
3749738
3513271
3037334
2967046
2868263
2861287
2818370
2653261
2631342
2621002
2613551
2612965
2606914
2735188
2661103
2629188
2631488
2630178
2654411
2643728
2627914
2654975
2605229
2632667
2701963
2646283
2734074
2628918
2841432
2622740
2605622
2701617
3259890
3259870
2621211
2614415
2592696
2782475
3254586
3016920
2828822
2703816
2632922
2604985
3130601
2701960
2643784
2604897
2701443
2607222
3617041
2952136
2780477
2730602
2650609
2584123
2705812
2653042
2659288
2614498
2605750
4049462
2667803
2631011
2581600
2650686
2661101
2582945
3662363
2728352
2581979
2956129
3763906
2682286
2657848
2613947
2612403
2577891
2579334
2628394
2625353
2575400
2575235
2646797
2783327
2656226
2580039
3182462
2737644
2692702
2691669
2603471
2570132
2679354
2768398
2612328
2584962
3661410
2686599
2563687
2642890
3042129
2858231
2638649
2628286
2582617
2675576
2593440
3060607
2576347
2634598
3066660
2614677
2593438
2593428
2576264
2576240
2576189
2559900
2574701
4136479
2792620
2692828
2613256
2593328
2593309
2559901
2659596
2570518
2677763
2712399
2586426
2562425
2546449
2673988
2570656
2648637
2647550
2566986
2581678
2559887
2559876
2533097
3136529
2582543
2551605
2727724
2585023
2532782
2553089
2729231
2584812
2573239
2853751
2654368
2562356
2527068
2525961
2525955
2528026
2771222
2626175
2547858
3646620
2575959
2533223
2562016
2500163
2496892
2577436
2577421
2783475
2585745
2575606
2504883
2493043
2629946
2575517
2536681
2669666
2576136
2495035
2627581
2575956
2537575
2537559
2504533
2732209
2529338
2566525
4041491
2533023
2496963
2573250
2519092
2500154
2547001
2844802
2807580
3000922
2730641
2694555
2533349
2518924
2495067
2481537
2575803
2547860
2529319
2492757
2738624
2711209
2652348
2517094
2515339
2859304
2584310
2536824
5072281
2700763
2556452
2542434
2492871
2575016
2575535
2444049
2575534
2745827
2546950
4209898
2758363
2610374
2481314
2442748
2546920
2442223
2665263
2586177
3313179
2632608
4482334
4191850
3437422
2929667
2572152
2561970
2442987
2435683
2435007
2882188
2579774
2544484
2429966
2483287
2449371
2749725
2719727
2592270
2470374
2410296
2409963
2562521
2478688
2459340
5054092
5054086
2852536
2442612
2396486
2688340
2504036
2702488
2394659
2481425
2430976
4753841
3907167
2825163
2762280
2756972
2713721
2634323
2430197
2409377
2565588
4664062
2665880
2412861
2375115
2423197
2673706
2902854
4074082
2405818
2364663
2744075
2553206
4000162
2390572
2346558
2440928
2330069
2440641
2422845
2676564
2731304
2703005
2677725
2603135
2425463
2401337
2401336
2329845
2408578
2430663
2425498
2383880
2733092
2582405
2679302
2475681
2277464
2375913
2377268
2290968
2383917
2373517
2849646
4266470
2904636
2581837
2401331
2347368
2292571
2275038
3773527
2575065
2417187
2730644
2266992
2839126
2423066
2323257
2311292
2395193
2311278
2733093
2443634
2346712
2275385
2584783
2397505
2393758
2335119
2464774
2290939
2265304
2430233
2294129
4116685
3133970
2673101
2391061
2278103
2254548
2253491
2500213
2323403
2269037
3226994
2279123
2267252
2291030
2265122
3105378
2771724
2491425
2346688
2706510
2234055
3228643
2215774
2607434
2259168
2262873
2733085
5054231
3865673
2270833
2262896
2242778
2902235
2677087
2674539
2277413
2678556
2542865
2359727
2312359
2214848
2268699
2530823
2275244
2266909
2395229
2195453
2257952
2248209
2759148
2755230
3098561
2395240
2361430
2673383
2151133
2796923
2681266
2441838
2216049
2131784
2367606
2258831
2258756
2266961
2346581
2174630
2111120
2111112
2228275
2225983
2096739
2082467
2220006
2077806
2682812
2077312
2049199
2695452
2224586
2258184
2248207
2223422
2211497
2223741
2212656
2084322
2099496
2099491
2099488
2099484
2043525
2522288
2276350
2276341
2784916
2243244
2211325
2842914
2255568
2134968
2210013
2151969
2701831
2001184
2238850
2375572
2169408
2168342
2258452
2082048
2042178
3124853
1988867
1987348
2375040
2168655
2654242
2137099
2169157
1964512
2014731
2013721
2013688
1975833
2360381
2048978
2682340
1941749
2374994
2072833
1941805
1994668
1941489
1934912
2323222
1949829
2583345
2085357
2666833
2206706
1952668
1941596
1952151
1925093
1950802
2640456
2774458
1888727
1888575
1978274
1950283
1951379
1951336
1951294
4147114
1952078
2271048
1859837
3153419
2082051
1933372
1895949
1884140
1874586
1874573
2225590
1863433
1847718
1885943
1850020
1851046
2778656
4925361
2049045
1853107
1852103
2268026
2770262
2080843
1868929
1950453
1885857
2743478
1839772
1801061
1868545
2525616
1819384
3306239
2118723
1803772
1796549
1839133
2518937
1783903
1914285
1790710
1779304
1784107
2707858
2077083
2084474
4721580
4320946
2792934
2670782
2361130
1869627
1762706
2243186
1865515
1868510
1748251
1797588
1762020
2975945
1748173
1661682
1851001
1676004
1664577
1820750
1635024
2442388
2565515
1695517
1635568
1626552
4839475
1621065
1592643
1866169
2242382
1780187
1617297
1602077
2615558
1613258
1805482
1683578
1683566
1683564
1683558
1847322
1599906
1641753
1636748
2291792
1636735
1850147
1698805
1563739
1536060
1555615
1538809
1524924
3807506
1475650
1534010
2893739
1525191
1783978
1479345
3241960
1446962
1434791
1435944
1420312
1617047
1409829
1502395
1533779
1402324
1867573
1436036
1388242
1360102
2361089
1760729
4737482
1317924
1743399
1308932
1283948
1392235
1262712
1201368
1201697
4398700
1186734
1400600
1369146
1474767
1172064
1169504
1363736
1360657
1134956
1068620
1100763
1069708
1636098
1134730
544571
539003
516036
509016
1273626
2172193
1810043
419806
145450
142816
1693102
1909756
1222790
1693020
1740325
1187163
1187139
2448400
2374229
90634
2447194
1087688
99016
33736
61380
2144268
2144258
2143687
172919
239459
239455
2120895
