28023925
28021476
28020624
28020544
28012239
28003019
28002487
27999531
27998058
27995293
27992366
27986634
27983725
27941074
27935865
27930695
27930681
27927764
27925796
27916491
27915054
27911093
27907007
27906199
27900352
27899881
27898568
27896820
27889934
27888796
27880890
27876019
27875983
27875309
27871310
27867936
27862217
27857231
27856519
27855634
27852701
27845896
27845690
27841313
27837624
27835693
27833104
27829535
27825128
27824156
27819514
27814527
27812180
27765658
27717806
27808086
27807068
27806685
27664182
27559149
27454708
27704275
27782354
27777632
27777363
27775663
27641506
27764764
27762100
27656771
27753891
27753538
27752882
27749006
27748636
27731332
27725776
27713912
27713610
27709720
27708692
27698376
27693538
27689529
27688749
27685785
27661612
27659785
27659347
27658825
27644562
27642623
27636589
27635260
27635087
27626938
27626164
27614199
27612325
27611787
27611643
27609758
27602906
27593565
27588466
27586962
27586307
27581151
27574806
27558222
27551322
27550649
27544780
27534557
27524492
27508934
27506416
27499265
27487029
27485826
27482301
27478826
27473664
27463019
27448656
27434537
27432344
27430367
27429799
27422997
27417235
27414783
27415467
27412694
27403997
27401718
27399650
27399248
27396604
27393347
27391064
27390218
27381806
27369327
27365376
27352120
27348131
27345435
27340088
27336699
27330311
27326854
27321975
27312686
27302879
27297950
27289203
27288846
27288264
27285126
27280065
27279483
27275413
27270397
27268281
27267856
27256343
27248055
27247144
27244447
27235984
27233751
27224679
27222466
27212086
27212031
27198566
27192978
27189201
27187182
27177292
27170659
27170437
27160009
27158133
27155584
27155085
27153767
27152953
27151938
27149936
27146921
27144453
27125338
27122061
27119120
27110359
27080131
27075768
27071722
27069868
27067128
27064225
27062469
27049463
27049384
27038596
27023475
27022301
27020032
27019061
27015561
27013027
27008339
27006194
26990118
26988609
26983598
26981388
26981380
26980499
26979305
26977448
26967243
26965049
26961134
26959716
26956024
26954714
26953815
26946265
26944194
26935058
26934369
26932277
26926079
26924343
26919708
26915414
26914213
26912237
26910538
26909952
26905959
26899660
26887802
26872611
26871867
26865644
26864489
26864197
26861879
26861863
26859141
26850042
26849732
26840378
26822027
26819681
26819550
26819477
26814892
26812075
26805550
26801768
26801685
26795575
26784240
26776835
26770026
26769839
26763091
26757550
26753958
26751771
26751122
26750754
26745798
26733491
26721773
26719950
26709809
26708804
26704768
26693891
26691841
26680018
26679092
26678390
26664459
26663801
26657294
26643409
26629874
26629691
26617834
26607259
26607048
26597625
26576844
26576491
26573292
26572077
26557426
26556607
26554713
26553540
26551299
26543076
26541191
26541096
26538867
26535721
26531754
26528635
26519296
26515391
26510912
26507419
26504501
26497854
26489762
26488797
26482036
26479384
26476154
26473850
26473782
26455965
26454337
26445145
26443523
26436918
26434682
26426258
26425798
26422254
26420226
26419525
26417643
26407966
26407940
26395031
26395027
26392330
26388988
26388726
26380656
26380273
26378035
26373435
26367387
26361011
26356734
26353892
26353891
26353782
26349011
26343737
26341729
26341052
26332018
26331719
26328389
26319264
26318153
26317699
26317069
26316219
26314618
26314447
26312877
26307085
26300629
26298749
26294325
26285018
26283501
26275332
26271895
26269909
26269716
26269331
26247779
26243655
26231668
26230583
26228879
26224097
26223654
26217796
26208914
26205789
26203049
26200114
26194619
26188803
26187737
26179105
26176219
26175502
26175500
26175278
26171964
26171582
26165378
26161641
26159288
26148798
26148557
26137221
26136641
26134183
26131905
26112417
26109882
26109564
26104615
26101583
26090810
26074246
26061528
26047984
26047815
26044620
26028607
26021444
26019261
26016560
26010722
26001963
25994290
25983695
25981845
25974021
25965695
25961636
25960134
25958384
25954975
25948477
25939814
25938766
25933445
25929241
25925968
25925804
25925728
25924856
25918841
25914319
25901897
25899098
25890236
25888722
25886394
25881111
25880539
25880399
25879740
25877879
25877381
25876907
25873381
25871699
25871513
25868278
25865804
25860498
25860293
25853691
25849153
25841900
25826212
25824636
25814924
25809007
25805566
25803269
25802182
25800681
25797398
25787002
25782841
25774879
25772209
25766252
25756958
25740058
25733813
25728835
25725301
25723491
25723318
25721888
25716693
25716159
25716081
25712914
25707580
25707478
25704883
25704023
25700309
25697377
25690421
25663004
25659151
25653573
25652596
25652587
25636890
27087761
25634257
25631509
25624462
25622784
25621392
25621181
25617731
25616259
25611922
25604826
25604687
25603303
25595538
25594006
25581909
25575966
25560800
25557953
25550371
27600210
26962294
25547110
25546727
25546487
25537970
25533920
25527334
25514564
25512709
25505591
25498962
25494716
25491574
25490189
25487418
25486521
25483902
25483067
25482129
25482058
25481874
25481245
25476832
25470663
25466888
25465723
25458152
25444926
25437055
25427637
25420111
25416481
25413326
25403085
25401993
25398683
25392690
25380052
25368602
25368508
25367286
25345512
25342931
25338953
25338682
25336442
25305590
25304377
25295026
25290246
25273983
25264875
25264617
25254208
25251443
25234496
25230228
25229777
25226537
25225614
25225064
25223591
25219825
25206354
25199657
25189756
25183238
25177543
25171473
25161098
25159465
25157233
25155083
25150490
25150061
25146988
25142712
25142485
25133674
25125592
25124890
25123171
25104396
25100957
25100710
25093921
25093596
25090271
25079072
25075714
25070813
25070394
25060307
25056994
25051383
25047945
25047013
25034661
25025965
25000355
24995964
24967879
24961284
24956559
24956388
24955840
24953896
24949573
24936222
24932229
24928548
24927646
24920036
24914544
24909874
24904997
24893171
24890784
24888725
24882193
24864229
24861470
24853129
24852654
24852236
24850140
24847357
24846271
24841487
24840534
24831230
24817940
24803679
24784841
24782191
24781189
24780530
24772452
24767884
24756903
24755251
24753215
24743044
24729304
24722433
24721284
24710632
24708616
24704855
24702154
24696864
24692722
24692245
24691111
24684463
24682221
24669199
24668193
24665095
24659680
24659206
24650276
24643584
24642759
24628804
24628570
24626806
24623406
24622010
24621579
24612065
24607549
24606691
24603861
24597747
24589211
24586395
24576404
24573602
24571616
24569695
24568636
24560427
24558408
24556226
24553122
24533505
24526913
24525730
24523387
24519676
24518087
24516231
24515752
24497500
24496494
24495915
24492313
24488924
24486158
24485041
24479691
24475909
24475228
24469723
24465395
24464829
24453125
24452243
24449365
24447333
24441198
24440696
24431132
24427333
24419231
24418523
24412291
24410907
24409289
24404812
24390458
24382160
24380930
24379348
24379144
24378259
24375461
25877979
24361916
24360150
24355552
24351012
24347552
24347181
24344983
24337390
24336805
24335929
24333426
24328154
24324590
24316489
24312525
24303120
24301291
24297688
24296856
24294372
24281000
24269226
24268431
24260248
24252911
24240590
24240029
24236538
24231102
24229462
24224561
24223098
24196483
24196233
24184319
24184209
24183702
24167575
24151467
24143183
24140313
24136929
24123713
24115491
24115376
24108661
24103890
24103426
24101921
24088505
24080485
24079748
24078312
24078137
24073418
24059308
24057758
24056016
24043426
24041686
24040759
24034224
24030954
24024144
24018643
24016867
24008896
23998936
23978600
23975432
23975224
23971731
23970500
23958034
23954821
23950862
23939186
23935006
23927863
23902433
23923067
23922128
23922127
23913408
23902594
23894486
23893687
23890539
23889749
23886751
23880232
23880221
23879815
23874603
23874591
23874584
23869057
23861904
23845593
23843231
23835434
23826811
23813567
23812403
23808869
23806198
23799591
23791742
23794119
23791885
23785396
23785292
23776526
23770690
23760446
23743150
23742273
23740940
23737015
23736061
23735785
23728404
23724168
23716180
23712713
23710358
23708087
23705811
23702661
23702041
23697547
23686862
23677378
23676950
23671862
23669348
23668811
23665002
23659962
23637839
23637704
23627066
23626859
23624844
23617334
23617241
23602926
23602845
23602254
23597049
23590301
23584732
23582132
23577129
23573364
23564159
23559376
23555298
23550224
23544148
23544116
23541716
23538684
23536793
23531410
23525202
23516647
23506348
23497320
23495770
23491407
23469837
23458726
23455720
23442539
23436528
23435471
23424108
23418717
23408952
23408027
23403985
23403204
23400684
23398686
23389039
23378757
23376484
23372767
23357223
23354650
23340292
23338544
23334589
23324411
23324130
23324084
23318136
23314861
23313214
23312020
23299800
23297347
23284893
23280553
23277013
25157209
23267699
23261704
23261508
23246098
23244308
23243437
23233654
23216862
23216633
23209553
23209428
23200914
23185530
23170859
23161516
23159947
23157946
23157228
23153793
23151847
23149694
23148240
23146233
23144729
23121125
23107584
23106811
23099783
23094510
23050647
23090021
23085030
23078235
23077530
23071669
23069848
23064081
23056493
23056259
23049867
23046558
23026812
23024791
23009291
23002038
23000284
22991544
22980436
22966040
22964612
22962947
22958451
22958424
22956781
22937209
22936979
22930004
22928052
22925265
22923011
22920923
22915151
22914675
22911910
22904171
22896855
22892065
22890370
22888636
22888089
22887152
22879578
22870228
22869038
22852767
22852134
22851653
22844301
22821175
22818854
22813067
22806177
22802965
22797129
22776377
22776318
22757692
22752091
22736935
22731103
22711419
22704053
22702245
22699969
22684992
22681640
22676255
22674387
22668799
22659600
22652682
22634395
22634086
22622174
22616791
22616753
22609517
22595367
22591841
22590507
22574217
22561165
22559715
22553989
22543060
22539939
22538082
22537182
22534964
22533443
22531137
22530940
22530582
22530101
22530047
22523601
22521964
22521957
22515520
22500953
22498883
22497313
22496824
22485186
22479328
23164326
22457764
22453151
22438889
22414914
22412878
22409835
22402795
22393424
22383970
22382630
22373100
22367743
22367074
22331624
22328940
22326768
22324919
22316092
22311593
22311344
22309592
22301068
22300381
22297468
22286157
22282765
22279561
22276153
22270829
22266331
22265932
22253732
22252741
22242177
22238586
22238028
22228119
22214601
22214599
22213674
22208759
22203922
22197968
22196106
22195036
22190363
22188678
22184725
22182502
22179328
22178458
22166956
22162773
22155176
22150570
22150078
22149100
22148862
22147894
22138541
22135308
22134358
22117835
22114700
22108043
22106967
22086083
22053844
22053823
22044874
22040021
22039233
22038724
22021194
22010239
22005949
21992608
21992110
21982828
21979422
21978398
21978018
21976144
21972247
21966547
21964537
21964376
21963592
21951318
21943198
21941849
21939554
21939520
21938494
21936566
21933386
21932044
27957979
21907227
21904657
21901422
21897333
21892412
21890681
21889950
21887486
21884744
21880673
23717070
21858178
21855147
21854069
21843342
21841810
21833472
21832007
21829467
21825042
21788403
21788015
21780925
21779361
21777694
21770019
21766181
21757650
21749422
21743970
21739232
21736419
21711540
21705672
21701678
21696761
21679443
21678067
21658437
21655990
21645290
21641640
21640843
21637858
21635979
21624382
21624134
21621025
21621024
21617838
21615991
21615925
21598396
21595037
21593605
21584903
21569310
21558463
21557926
21542829
21541773
21533120
21532507
21484131
21483902
21478755
21470681
21448356
21447706
21444672
21443194
21430111
21429729
21423737
21410330
21408164
21397694
21368863
21364872
21354768
21352860
21337587
21330458
21324949
21314952
21311749
21304412
21298039
21291544
21290163
21285283
21279323
21245418
21245329
21231885
21224076
21205295
24212935
21191116
21172416
21172007
21152935
21147281
21136960
21125004
21124997
21111029
21110324
21107678
21102462
21096084
21093300
21070292
21087804
21075447
21074850
21071578
21063030
21045115
20957031
20935158
20930522
20929591
20929579
20885821
20844788
20840779
20840155
20837969
20827733
20826374
20819233
20818339
20809086
20802022
20798274
20731665
20726711
20716645
20714645
20691718
20691160
20691079
20670442
20668691
20663702
20663125
20650822
20650703
20618347
20617897
20616205
20615452
20613869
20594977
20589883
20571087
20565877
20559430
20558290
20550684
20525249
20514455
20507211
20504288
20491071
20486718
20473581
20467043
20459791
20455200
20453763
20443637
20442294
20426862
20416086
20410848
20406101
20405472
20359757
20346151
20335623
20305693
20227514
20214628
20211558
20202977
20200994
20188614
20165982
20161782
20132968
20117839
20108223
20101610
20098732
20096889
20095644
20090389
20084286
20080153
20061341
20045005
20043085
23136589
20019881
20015865
20008833
20006900
19968886
19948057
19947906
19945496
19944404
19938108
19931738
19911120
19891767
19883504
19860644
19855845
19843654
19827050
19821982
19811677
19820587
19812504
19799774
19797223
19744340
19744333
19738631
19737990
19735946
19723368
19720218
19712483
19700661
19688261
19663500
19641226
19639170
19616320
19615119
19615118
19615111
19598206
19597856
19592098
19582768
19582720
19569180
19567787
19567785
19562724
19549766
19546168
19546099
19527514
19513121
19486012
19482074
27963025
27961118
19442568
19439102
19432938
19426861
19414360
19408013
19407471
19393226
19389748
19380578
19363144
19359916
19349319
19345950
19340593
19320717
19302708
19293327
19290479
19288585
19275759
19262960
19253308
19221247
19218196
19193236
19191707
19176542
19149714
19141531
19139136
19132087
19121663
19118595
21048890
19114063
19109221
19100860
19089318
19058955
19041683
19038828
19008124
18986552
18978571
18973173
18955075
18952638
18951241
18930027
18855061
18838868
18824148
18814146
18811983
18790026
18776137
18728226
18658106
18655124
18647386
18645003
18631401
18591649
18560533
18514338
21136889
18511503
18484952
18483266
18470663
18463784
18446056
18445019
18426139
18425323
18390742
18334916
18334025
18316168
18315872
18299717
18267009
18266966
18245461
18242180
18237400
18234529
18213587
18204863
18203276
18191166
18186018
18175271
21136781
20054168
19578517
18158134
18154447
18069660
18066111
18062962
18052912
18047727
18047722
18045154
17986522
17985944
17968891
17963812
17946331
17940599
17925483
17917079
17911379
17892266
17690103
17668254
17574631
17565986
17540468
17519360
17488342
17487352
17475336
17471163
17436268
17426818
17409011
17397547
17390014
17389602
17342310
17295094
17290400
17261798
17234957
17202758
17186197
17182097
17127485
17118137
17022631
17016611
16977459
16972305
16964424
16949573
16918237
16888633
16864893
16857057
16849634
27954001
27953895
27952133
27951973
16751068
16551867
16539665
16507464
16460773
16412588
16317079
16179348
15975430
15908262
15663929
15329151
