5159854
5158021
5156883
5154152
5159884
5154122
5154054
5150532
5146968
5146934
5146931
5146729
5146677
5155155
5146860
5143335
5142515
5138643
5138627
5146279
5131480
5131364
5131280
5128868
5126090
5126089
5123351
5122892
5122846
5121583
5122961
5120310
5120297
5120272
5138482
5119890
5119887
5119837
5118702
5117715
5117493
5116575
5116215
5115663
5114572
5114311
5123381
5111083
5111045
5110534
5126319
5111349
5109780
5109708
5109477
5109733
5105311
5133406
5104406
5105195
5105158
5103452
5101812
5100478
5100259
5099922
5098167
5109916
5109907
5109906
5096714
5093409
5093130
5098586
5126268
5087906
5086919
5107224
5085087
5084423
5082958
5082909
5082817
5088613
5081188
5080611
5080580
5078997
5075783
5075534
5073853
5073317
5072351
5071880
5071859
5071316
5133490
5069780
5067525
5071646
5067287
5066275
5066224
5065984
5064022
5062913
5061390
5059621
5067014
5062618
5058335
5056181
5065290
5054590
5050640
5050018
5048153
5048144
5065998
5059438
5088290
5106504
5043374
5043230
5061964
5042547
5042377
5041319
5040712
5077297
5039909
5039028
5038970
5037190
5052688
5037646
5055986
5033953
5033357
5032119
5031293
5034330
5029543
5028734
5028727
5028408
5027635
5025754
5040793
5025188
5024301
5020078
5031477
5017709
5040159
5015051
5013717
5013069
5013034
5028860
5012252
5011916
5011915
5011721
5021021
5011850
5010181
5089144
5030086
5008788
5006155
5030090
5004352
5003849
5003396
5002203
5007466
4999956
5026476
4997316
4995625
4992261
5067292
4993257
4988785
4981887
4995338
4980032
4977886
4977552
4977361
4990033
4976503
4976327
4975896
4975508
4974697
4976203
4976806
4971777
4971660
4965755
4965744
4968864
4965138
4961929
4961372
4960895
4960537
4960487
5067097
4965835
4962485
5055575
5010835
4956207
4954981
4954820
4959372
4954642
4951121
4950607
4949463
4947361
4947803
4945013
4944476
4940736
4940770
4937235
4941764
4941050
4937544
4936091
4935803
4935966
4932527
4947748
4932194
4931446
4930608
4928798
4928370
4924846
4924104
4923891
4923119
4922586
4920420
4919863
4919783
4919639
4917548
4972869
4942726
4917114
4915144
4983803
4912085
4911401
4923604
4907514
4906273
4905960
4979466
4905681
4902256
4902228
4901343
4901301
4901289
4901078
4900660
4900611
4900556
4898691
4897788
4897632
4896919
4957589
4896425
4898443
4895957
4894368
4893678
4911877
4902145
4895803
4892113
4888747
4933561
4888658
4886680
4887520
4884735
4903134
4883749
4882864
4882616
4882535
4882522
5023519
4882770
4880300
4929001
4896249
4876464
4873819
5034000
4872150
4889867
4887629
4871332
4870788
4869265
4979450
4867619
4869175
4865984
4865361
4865094
4865096
4862981
4860507
5099363
4866746
4866741
4859532
4859520
4859473
4858851
4858651
4857087
4862341
4856290
4855863
4855719
4854467
4854383
4853715
4852538
4852436
4852405
4848551
4848494
4847772
4846829
4882353
4848481
4844142
4841954
4840416
4839656
4839633
4837341
4841227
4837450
4834570
4860227
4902832
4859909
4847598
4833297
4832243
4832459
4831806
4830965
4830822
4841779
4833865
4830511
4829830
4832077
4829622
4829234
4829202
4829159
4828720
4831018
4827080
4830396
4824381
4835618
4827595
4820459
4991687
4818457
4816509
4816422
4814826
4814779
4841781
4813393
4811964
4811587
4811559
4811546
4811538
4809873
4812511
4807593
4807000
4806907
4805602
4889328
4802647
4802308
4811761
4801392
4802049
4798771
4796898
4959553
4889309
4795798
4794230
4795573
4788860
4788844
4788442
4793309
4785679
4786880
4783657
4783025
4780776
4780190
4824133
4778019
4778014
4782061
4777418
4776245
4776110
4835530
4780207
4773255
4773219
4773021
4789420
4768966
4768944
4766482
4766439
4766290
4765239
4765207
4764819
4764604
4794044
4791852
4775209
4763298
4763291
4763273
4768879
4762017
4761979
4761960
4761173
4761131
4761111
4760967
4769162
4756678
4756662
4756539
4769155
4811771
4839548
4752512
4751470
4751272
5128196
4750896
4841202
4748120
4748115
4745068
4745014
4743852
4895284
4745961
4742855
4742842
4739109
4738297
4738289
4737906
4736245
4736146
4985537
4761720
4826423
4769169
4801097
4731070
4728433
4786408
4742714
4737753
4726606
4726140
4723252
4721955
4721210
4959389
4726298
4720476
4719584
4726068
4718516
4715336
4714501
4709225
4709145
4709133
4706673
4706436
4706420
4705544
4705475
4728644
4736772
4736761
4736600
4702177
4701481
4701392
4700527
4706063
4849846
4749839
4747115
4734109
4732303
4728194
4693618
4684146
4851270
4699750
4697313
4872742
4747743
4692505
4852394
4706958
4755737
4709267
4943702
4731174
4686967
4686535
4737289
4687716
4684622
4683977
4683008
4682987
4681841
4704539
4775112
4703492
4693025
4693013
4682901
4678882
4718155
4682814
4681367
4680216
4691523
4955188
4767432
4749390
4732199
4675973
4675849
4752965
4826185
4823128
4705666
4690947
4682391
4682379
4674137
4673721
4673693
4673528
4718804
4690042
4677596
4704525
4697386
4672475
4671574
4742752
4805212
4720888
4686853
4669178
4668384
4668367
4948596
4678114
4667271
4666915
5142612
4729232
4728319
4720513
4713349
4690578
4687576
4671468
4666640
4666223
4664950
4653952
4621769
4874582
4732281
4691055
4691046
4674682
4666033
4664271
4811491
4949526
4823092
4718824
4661522
4857752
4700298
4661984
4660440
4659830
4659549
4659445
4659175
4659173
4657999
4657019
4679058
4663685
4657244
4655369
4808015
4670690
4716415
4654814
4649112
4937864
4722453
4653613
4722456
4652231
4863631
4649039
4847821
4678822
4668215
4660051
4654735
4647478
4646973
4647265
4646453
4645220
4645114
4655872
4654699
4650398
4647609
4647579
4647334
4744547
4644648
4644297
4642959
4711398
4703853
4642628
4661249
4640833
4631902
4685757
4645172
4640202
4637426
4667154
4644179
4636226
4712076
4633583
4659938
4633108
4666364
4630631
4853282
4792598
4742955
4679127
4652157
4651025
4647555
4613949
4609225
4658642
4767466
4673477
4627804
4627773
4627656
4626556
4966504
4727110
4626252
4625166
4747219
4762037
4632960
4624189
4846597
4846312
4715520
4622107
4996410
4747355
4683315
4714675
4675500
4627575
4714637
4698418
4683693
4683679
4747407
4705981
4705926
4632783
4617827
4792573
4747192
4701622
4662923
4632778
4610670
4609992
4631009
4628775
5007600
4693622
4608700
4608003
4607890
4607888
5057330
4927941
4762623
4634137
4610180
4607367
4606798
4906531
4833724
4747199
4714548
4637240
4606502
4604237
4604232
4604159
4602222
4728365
4666354
4653701
4601788
4601263
4601023
4752190
4605316
4599737
4598832
4649138
4600127
4597409
4683308
4662832
4614774
4598950
4596708
4595735
4704926
4682321
4596393
4594640
4594025
4715628
4593631
4593030
4635186
4841267
4745205
4741109
4630520
4610137
4606184
4597367
4589686
4577985
4556969
4545566
4769638
4665253
4598847
4589096
4588510
4653709
4586504
4700080
4585938
4713459
4675810
4636922
4667439
4663133
4634461
4585897
4585193
4583417
4583363
4583253
5066840
4652078
4626678
4582733
4581859
4581635
4645299
4585785
4627081
4585734
4585036
4579442
5106084
4696188
4603519
4577833
4577212
4613321
4591209
4585256
4574949
4574943
4574557
4574063
4610972
4571604
4741660
4570588
4570211
4570208
4569862
4566133
4634369
4613303
4590643
4576860
4569357
4568337
4698063
4950071
4862609
4706278
4631670
4741556
4581552
4564977
4559842
4852482
4645643
4579316
4563558
4705687
4562270
4561672
4979463
4659853
4562201
4561364
4714866
4819653
4750641
4641505
4638034
4571542
4561678
4560414
4560099
4651128
4615341
4613243
4562749
4559881
4558532
4608614
4586653
5090172
4817951
4817728
4756964
4638031
4573854
4568555
4560852
4548785
4979103
4617783
4552418
4652154
4599011
4559234
4552947
4552735
4552674
4552625
4551966
4550837
4576736
4549408
4804715
4724325
4593472
4549292
4548842
4548212
4741755
4591470
4554418
4548055
4547781
4546821
4745707
4599461
4573897
4556775
4548976
4546395
4539925
4759104
4747822
4540575
4539705
4561975
4633908
4564312
4537094
5053618
4918330
4638042
4576153
4562041
4548034
4531503
4918343
4826332
4749473
4594272
4591803
4530883
4530325
4807614
4894821
4772273
4630139
4558498
4535412
4526858
4580196
4580187
4524947
4610256
4587455
4572506
4564557
4526713
4524632
4523024
4645600
4537707
4681059
4523928
4518081
4518075
4509933
4478488
4478474
4695011
4584083
4520454
4518646
4720237
4580197
4518601
5068718
4588436
4581603
4525161
4517896
4515555
4513740
4654634
4573661
4514980
4529692
4514594
4513550
4513397
4513303
4512679
4741387
4571943
4528565
4509768
4597144
4511429
4830686
4694892
4694884
4534286
4506595
4710714
4589475
4506598
4553915
4505104
4650725
4571951
4519542
4503950
4601574
4577892
4503540
4503302
5016770
4718643
4613710
4586466
4577383
4501203
4499345
4768345
4500449
4515297
4695137
4498621
4541140
4519915
4497658
4706383
4542382
4540147
4510121
4496044
4493989
4694796
4652952
4572414
4493688
5019575
4833873
4493008
4491255
4694899
4614339
4530899
4506532
4687748
4650724
4572501
4546841
4524867
4491017
4489650
5083037
4542399
4512528
4510595
4507007
4505777
4503878
4480178
4622862
4512005
4506958
4887821
4488148
4488003
4486341
4484250
4523408
4501073
4482694
4482396
4587639
4480985
4479703
4477167
4800289
4558218
4476107
4512847
4506969
4551187
4523460
4474661
4551339
4550813
4491700
4488731
4470249
4468591
4491797
4468104
4468062
4465157
4644731
4597150
4468741
4468660
4464286
4490501
4466270
4464738
4596750
4527491
4461287
4564875
4524038
4513105
4460399
4460087
4816117
4623482
4622864
4506929
4457722
4457632
4475887
4458798
4456163
4523353
4452560
4513132
4505050
4452784
4451551
4968631
4599345
4464044
4451130
4451073
4451068
4430336
4344421
4512905
4552242
4680132
4458893
4449160
4449000
4448008
4464539
4451962
4447459
4445987
4444550
4490426
4466747
4461020
4447252
4444278
4444098
4444079
4444008
4648301
4506960
4458536
4985442
4670746
4609579
4489356
4449530
4607643
4455107
4441450
4441380
4440518
4553106
4456805
4438712
4431677
4510445
4461369
4452348
4437557
4437314
4437304
4526082
4505442
4452183
4627585
4449898
4751060
4436828
4436109
4433267
4432797
4844354
4468340
4458224
4443552
4431823
4651042
4505682
4505658
4492402
4429153
4888055
4477651
4428790
4428033
4596059
4574404
4497740
4427789
4427337
4427102
4511073
4477671
4430927
4681579
4505406
4570282
4439334
4423928
4768903
4456635
4456346
4550617
4420268
4594180
4572919
4461481
4456219
4434175
4418812
4418701
4433689
4433634
4689304
4489481
4489271
4416884
4407708
4406914
4366041
4534679
4419418
4415925
4415773
4415761
4414591
4414558
4414467
4412897
4463461
4453793
4453675
4412790
4390547
4558175
4534322
4505510
4467529
4640621
4457613
4505472
4499120
4412490
4407904
4417516
4482894
4430717
4426425
4405343
4535158
4475721
4412881
4411401
4400914
4645981
4506211
4494925
4451324
4416244
4415737
4594635
4475468
4417402
4407242
4407185
4403778
4398560
4398489
4558166
4537050
4429993
4409604
4405523
4628914
4484714
4484419
4396684
4395295
4395112
4395102
4395099
4415311
4535154
4534756
4425930
4523432
4393253
4939881
4403312
4391041
4474307
4389543
4505563
4450870
4418992
4384638
4449548
4432738
4536424
4387584
4383549
4675119
4396364
4387713
4382183
4379467
4459267
4414224
4386776
4384732
4476460
4439874
4380242
4496402
4386489
4374937
4374837
4507807
4492820
4445010
4442456
4373930
4373925
4373758
4372598
4372334
4824481
4484481
4386708
4386568
4370884
4370859
4370756
4389585
4409566
4558150
4478808
4467344
4379537
5054849
4437874
4416938
4383501
4366150
4381860
4363395
4364361
4363317
4523094
4360475
4783143
4403971
4362302
4826345
4622581
4356769
4480736
4378415
4661431
4398996
4378423
4353378
4429449
4833118
4421781
4889444
4558182
4552113
4385915
4461697
4352280
4348191
4496216
4399275
4379456
4351923
4817425
4385474
4383027
4363503
5005705
4491987
4396116
4367957
4357548
4352593
4336242
4329091
4385447
4369682
4551119
4470787
4380631
5079065
4737584
4485975
4340869
4364212
4347622
4350297
4314514
4702498
4684184
4439371
4424395
4376056
4335066
4657486
4403481
4342182
4386068
4331089
4354639
4352133
4338259
4382400
4602746
4386721
4351142
4325931
4442397
4353740
4531100
4465935
4461447
4492406
4322061
4370048
4367390
4319833
4319478
4319469
4342090
4328067
4524791
4480732
4406296
4316771
4612581
4494948
4415112
4409815
4391502
4344604
4334981
4322648
4317549
4315412
4363444
4313712
4375480
4322953
4305025
4298150
4467438
4318366
4396609
4398475
4390269
4358122
4823997
4517987
4445069
4358141
4308895
4615659
4342872
4324316
4324313
4320546
4402061
4372143
4346863
4650577
4330062
4303873
4323360
4301800
4286049
4622752
4480750
4331720
4331707
4303041
4301871
4300326
4300325
4612415
4367248
4330376
4563777
4465872
4349989
4622722
4315084
4414137
4385968
4363203
4291560
4802362
4361267
4354577
4294851
4699656
4435563
4342448
4296919
4669748
4398616
4349982
4333048
4306415
4298044
4438571
4299461
4287148
4287137
4284336
4492912
4357388
4335248
4333468
4342445
4310627
4501025
4281929
4281823
4279221
4279082
4278915
4278140
4274069
4199936
4445480
4337517
4330253
4312367
4307273
4281118
5008032
4280171
4464896
4569619
4418454
4277431
4277357
4360058
4306243
4302577
4286514
4284031
4280388
4453650
4330315
4310629
4275244
4335230
4326835
4274052
4296684
4475507
4304120
4289398
4320441
4308743
4276053
5102342
4352113
4314542
4470892
4333386
4282728
4267212
4301687
4284532
4281280
4268884
4267246
4466074
4357179
4304229
4289852
4271727
4266923
4364648
4301748
4263370
4263363
4329009
4303651
4284665
4324245
4281882
4266212
4260877
4355025
4290654
4259125
4259001
4542789
4770805
4649834
4338015
4551491
4320669
4261148
4252896
4298316
4286884
4252069
4251976
4340593
4337070
4256595
4249177
4248963
4245882
4244596
4224049
4449316
4406847
4281101
4246042
4246040
4338890
4298458
4278940
4243559
4242847
4711673
4291472
4672640
4382438
4279144
4241506
4279699
4366284
4356183
4300764
4237452
4237420
4237408
4237329
4213594
4276455
4235406
4312183
4247209
4234626
4233339
4354196
4232390
4264195
4281745
4264928
4229192
4228325
4585518
4227675
4289458
4241696
4424194
4247655
4223658
4948669
4233071
4222910
4339629
4221228
4219743
4496532
4237293
4224228
4224025
4988536
4341377
4281434
4248711
4245517
4244658
4215715
4214784
4200330
4180006
4452529
4581053
4556232
4502779
4283619
4248348
4241534
4383884
4369810
4262666
4255228
4411008
4292938
4210174
4210052
4244308
4294364
4283004
4279416
4259017
4211852
4207759
4301133
4210574
4205548
4263885
4263302
4221965
4204823
4204438
4203949
4223117
4522726
4409429
4326574
4355653
4255249
4227769
4199614
4199545
4588856
4398591
4339461
4313426
4311303
4301096
4334815
4309750
4287242
4218938
4195671
4203787
4212935
4225158
4192618
4384003
4382826
4269694
4227201
4189334
4200142
4188600
4651454
4271048
4200050
4187721
4293094
4239629
4209367
4191248
4186952
4182470
4182088
4181624
4178973
4190472
4419159
4616290
4198703
4183766
4178179
4176460
4186537
4177984
4171696
4498471
4293304
4223332
4171504
4183725
4217004
4204890
4303621
4247517
4191426
4167002
4168136
4167996
4167690
4258540
4210771
4181754
4164521
4164030
4351747
4255949
4291243
4192694
4175287
4172784
4162606
4161167
4434925
4362882
4200258
4312137
4221424
4209190
4200256
4159332
4157229
4253444
4159772
4970435
4356248
4294047
4253461
4200864
4170199
4154663
4256491
4168123
4153644
4167649
4165196
4159224
4151039
4993210
4839265
4256489
4244175
4187682
4178852
4178837
4167403
4152783
4170080
4163661
4454324
4241096
4298802
4252624
4145862
4428387
4200377
4172640
4163716
4143215
4256486
4163659
4151374
4454322
4441076
4309907
4306601
4251665
4223437
4140078
4336233
4258542
4174875
4139318
4162505
4156731
4138085
4136826
4136823
4324013
4292795
4203131
4142610
4111902
4312928
4159843
4338764
4161027
4175346
4141995
4130537
4130532
4129416
4128725
4198828
4126698
4257866
4215526
4179635
4176241
4148364
4274757
4135541
4122409
4122406
4190048
4163649
4260630
4254148
4175422
4175333
4148807
4136032
4135991
4117938
4116696
4109765
4105750
4159800
4117597
4266777
4236763
4121307
4162177
4114261
4405876
4125700
4110556
4233191
4196167
4175554
4111586
4111497
4111409
4508144
4155697
4148375
4666579
4240207
4108358
4205895
4198827
4109009
4223555
4125720
4112895
4105496
4105438
4223485
4400540
4149731
4142730
4112645
4103033
4951206
4130291
4100928
4267410
4099374
4139853
4121957
4132736
4211376
4227105
4156036
4120477
4119946
4109542
4086833
4086203
4113643
4085189
4085004
4288246
4232083
4226941
4198503
4233155
4123065
4099018
4090659
4268614
4158785
4127221
4102953
4097581
4075357
4067963
4054451
4226992
4146422
4076284
4075077
4149201
4106236
4094598
4094447
4140094
4099106
4098895
4072825
4139980
4096009
4070986
4070892
4435665
4119994
4069079
4155016
4149830
4090453
4090436
4067294
4090537
4092214
4133558
4065011
4090515
4090511
4090509
4063667
4180420
4170648
4166759
4094338
4086615
4086518
4434415
4304431
4162443
4082638
4059742
4059044
4058885
4137124
4051912
4080209
4061926
4144121
4055629
4137255
4119355
4071968
4052813
4052714
4051765
4051761
4051605
4050382
4395467
4088285
4070286
4049818
4134976
4096439
4083844
4070873
4066726
4047112
4065660
4044248
4116658
4110286
4043686
4043645
4043638
4106323
4060305
4041649
4306468
4165000
4096298
4031946
4031937
4031934
4014664
4147340
4039026
4059525
4100104
4081082
4118694
4099276
4058246
4236026
4146496
4050407
4199451
4106310
4108535
4081067
4055423
4042855
4683165
4159569
4054923
4030451
4271056
4197392
4052194
4130926
4094050
4089343
4073506
4057760
4243863
4038117
4107215
4021816
4020813
4020744
4042055
4026734
4017650
4203555
4036721
4033685
4018356
4034719
4082564
4455772
4079119
4034731
4034651
4023698
4013123
4012304
4289707
4109893
4067197
4066794
4030036
3973363
4010480
4060008
4350484
4163865
4146227
4141653
4025566
4015632
4013463
4006929
4006892
3993451
3989800
4079161
4021832
4021748
4021742
4020536
4010764
4010643
4006343
4172343
4028204
4010626
4022195
4187505
4096874
3998918
4059972
4017722
3997519
4047403
4001035
3995965
4020072
3999899
4102771
3991622
3991568
4184015
4036477
3990548
4153881
3989243
3989234
3988004
3995091
4099254
4058646
3984080
4140901
4021249
3986111
3983106
4101832
3981707
4042070
3993851
3979894
3979678
3984066
3977858
3997986
4298788
4101831
4083512
4022879
4653065
4580556
4451969
4023477
3996366
3996316
3974866
3974755
4892899
4080182
4075611
4043560
3980117
3973632
4684125
4133680
4078341
4060460
4044815
4044797
4044745
4023729
3993744
3972204
3972118
3972117
3945606
4145016
4676081
4017181
4000110
3969225
4074550
3967952
4533837
4248405
4163500
4018485
4004261
4001549
3971199
4114547
3987924
3963866
3963859
4048375
3997969
4263263
4225779
3961396
4025582
3958420
3958343
3957222
4030512
3956896
3967046
3960291
3953824
3952860
3969048
3954734
4309371
4018516
3971554
4059895
4007266
3995691
3951425
4007422
3949101
4510983
3949575
3948699
3934546
4178326
3973830
4046871
3946503
4122598
3959191
3949699
3945788
3945170
4042108
4655596
3992515
3969988
3954485
4011904
3986162
3975368
3984892
3969299
3958113
3957912
4336194
4091555
3937333
3998788
3955695
3974096
4762543
3973083
3940640
3940021
3974985
3936875
4036153
4012485
3991396
3951002
3930744
3930492
4138302
4044336
3949092
3929351
3979404
3949088
3932016
3929784
3928038
3947904
3939004
4023291
4506529
3979378
3979369
3923805
3923765
3923156
3982395
3970423
3944958
3921678
4036193
3967834
4312919
3933742
4054869
3983391
3928662
3916225
3937063
3922094
3914932
3913935
3913861
4096171
3962779
3950524
3932224
3985866
3939849
3934178
3932895
3929995
4001770
3911623
3911192
3898645
3972339
3909042
3907707
3961642
3946733
3932872
3929072
3907407
3908680
4004060
3950510
4043244
3914182
3903617
4030776
3923163
3958823
3978602
3915031
3901066
4065360
3988557
3945326
3899080
3980603
4141304
3951845
3914314
3940850
3945346
3894980
4012721
3893645
4219154
3903560
3893207
3892443
4057630
3966216
3960338
4016180
3910569
4112557
3898758
4074027
3938630
3887006
3954441
3922830
3912883
3884215
4053464
3984341
3913005
3882209
3947080
3880267
3954522
3879096
4504431
4426208
4382917
4255358
4173575
4166584
4026065
3999257
3945470
3909504
3908765
3902837
3883957
3880464
3873881
3868830
3831179
3927544
3897846
3877286
3877260
3877025
3875450
4004699
3910354
3874006
3973294
3873415
3872735
3953254
3915126
3956592
3945902
3916568
3915513
4394018
4079046
3954431
3888473
3886776
3886739
3878265
3868544
3967736
3906890
3878363
3874530
3872082
3867382
3916645
3905724
3878729
3866188
3866150
4076596
3864955
3870512
3862719
4240648
3908429
3861317
3913809
3908431
3876098
4255306
3857539
3902291
3857208
3956373
3909835
3877422
3940083
3877555
3877552
3855540
3956533
3852523
3863896
4133860
4006279
3914206
3905264
3837798
3857839
3934577
3876054
3855943
3855716
4006271
3930363
3863454
3841097
3960202
3840933
4317887
3964982
3906989
3877416
3989487
3893054
3836773
3834519
4176288
3833898
3833455
3899348
3840609
3832414
3831237
3858183
3843253
3829899
3829898
3873576
3879217
3879191
3827288
4225824
3991243
3879536
4282533
3824011
3927644
3842048
3898203
3917480
3847317
3835400
3820719
3820577
3951335
3919574
3874213
3868739
3832867
3819264
3839761
4353572
3931094
3928732
3819150
3816993
3815168
3807335
4111245
4038627
4007390
3814986
3910492
3813683
4060632
3925726
3812163
3929090
3808414
3920938
3813429
3902936
3805541
3854646
3836566
4089393
3857621
3799759
4048341
3956708
3946937
3852967
4235945
4030715
3853418
3853271
3816903
3849810
3816470
3805925
3845358
3819644
3795747
3858726
3810496
3965117
3857668
4053753
3792137
3792059
3791487
3787342
3758018
3946970
3790768
3790752
3816061
3794870
3971016
4230339
4013099
3845228
3811186
3809796
3788108
3787650
3912985
3787098
3787084
3787023
4028338
3852626
3785471
3795553
3882047
3853109
4618794
3834255
3779192
4074651
4053771
3874157
3791640
3789328
3781437
3775801
3775732
3774807
3890946
3861723
3844001
3772884
3772838
4123328
3881535
3771893
3771024
3770608
3829442
3782806
3775634
3861716
3825323
3767798
3767608
3829989
3869358
3795383
3896599
3867965
3798502
3790174
3930770
3823374
3978581
3825741
3821560
3780838
4026045
3876819
3759719
3757328
3754233
3735930
3845893
3771243
3829603
3785259
3754925
3951069
4265793
3944668
3765699
3765220
3748126
3865590
3789891
4065358
3763452
3962151
3767549
3742648
3741284
3741128
3825807
3739788
4865745
3916947
3832913
3779742
3750494
3736678
3735612
3799453
3733780
4696055
3869096
3779741
3754558
3731934
3731256
3730785
3727567
3747496
3746872
3729836
3750754
3734038
3805235
3772217
3733849
3726654
3729364
3753834
3724885
3867975
3737036
3730426
3726163
3723895
3741900
3801217
3772633
3726361
3720569
3720245
3951204
3748337
3716879
3716652
3883772
3800471
3730674
3859727
3717870
3712192
3881641
3729658
3727187
3712023
3711059
3962195
3726017
4113965
3709888
3726451
3724024
3915590
3713937
3757182
3702614
3771389
4322722
3889384
3865170
3720638
3699526
3721124
3716886
3700463
3700271
3745311
3708511
3698217
3696107
4457301
3723355
3694885
3694813
3787146
3761203
3856432
3773576
3709113
3691968
3691183
4349561
3689854
3689778
4053239
4053202
3829336
3725137
3705751
3909550
3688883
3688443
4083840
4200039
3689848
3687120
3707861
3782064
3709073
3675143
3675065
3674519
3935612
3687591
3672107
3693508
4111913
3691635
3676005
3668033
3659349
3668328
3667841
3714902
3668487
3667834
3667784
3667190
3667121
3913798
3816728
4107766
3775581
3724662
3707705
3669500
4437262
3709696
3662788
3826194
3665583
4153807
3702114
3671684
3685498
3656093
3698971
3654982
3653868
3764640
3722256
3652084
3811018
3665234
3650054
3714157
3647004
3785985
3646023
3627076
3638395
3705598
3643934
3711434
3674346
3642146
3941923
3712371
3653404
3641062
3635070
3627507
3623161
3818121
3670126
3657456
3640065
3639968
3639950
3639450
3940256
3657772
3637262
3673885
3651669
3636197
3636146
3706826
3652927
3655680
3632522
3648390
3691283
3672630
3631164
3630225
3921687
3741222
3675470
3629153
3644085
3639697
3639080
3674769
4171679
4012421
3654270
3624938
3639946
3638577
4169034
3700141
3649691
3707521
3686377
3618335
3618229
3856290
3844060
3699064
3638638
3616969
3709604
3631665
3681222
3621073
3615092
3614990
3614979
4006270
3710224
3626468
3624388
3623365
3622223
3613393
3631463
3630382
3915676
3637243
3610924
3610892
3610698
3755262
3663539
3643606
3679351
3607615
3619550
3650402
3615841
3700699
3607962
4097306
3666188
3603940
3910367
3690965
3602189
3752004
3613825
3602476
3602074
3596360
3781937
3712465
3601293
3630887
4145989
3625506
3610160
3645328
3887395
3778985
3726277
3688054
3636697
3592031
3571750
4114145
3584105
3584082
3584058
3751594
3581451
3580323
3646156
3675813
3600037
3579838
3709972
3669118
3594671
3577824
3654975
3676450
4146130
4146129
3780449
3573062
3711764
3579429
3572119
3572009
3664292
3570108
3672398
3652629
3635171
3582199
3570079
3570361
3566090
3706778
3598722
3570354
3943433
3594351
3575267
3592900
3573656
3561355
3640383
3616229
3573947
3644376
3587983
3566798
3747324
3554682
3558715
3551957
4002486
3746320
3666539
3764930
3605703
3672002
3562687
3561832
3705006
3672792
3557386
3601979
3586362
3543423
3603414
3597790
3542473
3542320
3542114
3542068
3514006
3542985
3562571
3539993
3538738
3707064
4107495
3633629
3571733
3565295
3605253
4807428
4398980
4093059
3753694
3743153
3634628
3615413
3557385
3553774
3538029
3536089
3524548
3547177
3563613
3544040
3532505
3532304
3626769
3563301
3531428
3531419
3744768
3540132
3530136
3598710
3544206
3539403
3537315
3607178
3567697
3561999
3549098
3526593
3561571
3561526
3525568
3522584
3828939
3687035
3532917
3519845
3518811
3584252
3547811
3533285
3528257
3521247
3517573
3516598
3542528
3599480
3534614
3540207
4133810
3638775
3590088
3545258
3538128
3536293
3510589
3509765
3497686
3494243
3548940
3511479
3593761
3573979
3567866
3545092
3510260
3577090
3514805
3507916
3507880
3546658
3515998
4193445
3569985
3519531
3780611
3566437
3504030
3677694
3531908
3516689
3502486
3592400
3812776
3534488
3531601
3496908
3496708
3495629
3494018
3780792
3520572
3493602
3493516
3493505
3752138
3492354
3492239
3528035
3546309
3487723
3487223
4231548
3761132
3514742
3499333
3486042
3711720
3524886
3523186
3485190
3761967
3522261
3503171
3514453
3481446
3524419
3486919
3505105
3581622
3478292
3477628
3496994
3483815
3473023
3607922
3577998
3540208
3481129
3553230
3782212
3519564
4435424
3618895
3554437
3491419
3992830
3563175
3534167
3517717
3478318
3469459
3457194
3678132
3459921
3583472
3458908
3589139
3464335
3458082
3478630
3545053
3775715
3657599
3527664
3469757
3447945
3686263
3477038
3445541
3445514
3480526
3466557
3493911
3447379
3440412
3440365
3439729
3820450
3437463
3493820
3433423
3463764
3572906
3470030
3461819
3426684
3413235
3502515
3495881
3449403
3432103
3472719
3499843
3473099
3443417
3706502
3427347
3425960
3432377
3423637
3423420
3422308
3431072
3598331
3476271
3419744
3407254
3537612
3513553
3416786
3479415
3458458
3414503
3835660
3413665
3413349
3410885
3615440
3480706
3465830
3427933
3421566
3417213
3399956
3481057
3711794
3503350
3408882
3405069
3439387
3464927
3442506
3436306
3407892
3467064
3508169
3431157
3398952
3481011
3471051
3477247
3418800
3393668
3391993
3495674
4422344
3505126
3389674
3367701
3447535
3390271
3394663
3484399
3483529
3385936
3378755
3371242
3398784
3386258
3418433
3498792
3424463
3383691
3969443
3475151
3382242
3629843
3436552
3425194
3388278
3380840
3418429
3415257
3378560
3439312
3428426
3379649
3376141
3441342
3437205
3374833
3865981
3475443
3372491
3774218
3499176
3403964
3371017
3774510
3484041
3369926
3393344
3368946
3368886
3786114
3389174
3380912
3813138
3706076
3412204
3393588
3362879
3288540
3536690
3474434
3397482
3721981
3398219
3405419
3361698
3360655
3360022
4166560
3441847
3357528
3384163
3357414
3442591
3440132
3475975
3459808
3445701
3423050
3367496
3362864
3402651
3460619
3365203
3383997
3350029
3382001
3372658
3404915
3356870
3346806
3346721
3509438
3375203
3404577
3356711
3343040
4093113
3958424
3833496
3482973
3413526
3347402
3347395
3347289
3346437
3346365
3341339
3446261
3411900
3338743
3343053
3336092
3361004
3370199
3335097
3335094
3365809
3389283
3330712
3334893
3393094
3822849
3327712
3325520
3365975
3402607
3365981
3359247
3345880
3325185
3325031
3472186
3358478
3365744
3413316
3320645
3601406
3319559
3593580
3387424
3774522
3324922
3317655
3558206
3394171
3367163
3350879
3318387
3378455
4544865
3315113
4454417
3434447
4347009
3310790
3481066
3312348
3799780
3397485
3356498
3437618
3305296
3527076
3339884
3303816
3922458
3340444
3325656
3314981
3350938
3302881
3325050
4335191
3296742
4980732
3368406
3303588
3378316
3854201
3316922
4001507
3443918
3381930
3314956
3302244
3296081
3294819
3294782
3296329
3959770
3299283
3289605
4073961
3340005
3310813
4350136
3630503
3392760
3321828
3409373
3315417
3283682
3283665
3411536
3320973
3281820
4367482
3309772
3281076
3281015
3672221
3350668
3279406
3299225
3351561
3327355
3463504
3324446
3278270
3296992
3274532
3313009
3271016
3305489
3303484
3263969
3263960
3305950
3298507
3323462
3292903
3404398
3267739
3298485
3632419
3322993
3278069
3278056
3264612
3288189
3288471
3262791
3262781
3287515
3493073
3266427
3260278
3260271
3260226
3260150
3298439
3257895
3257228
3257866
3321100
3293562
4163146
4936406
4898600
4114387
4108212
3925327
3816979
3507339
3383448
3303527
3255471
3250034
3231771
3468740
3427902
3293931
3288580
3354054
3245272
4281019
3276689
3271112
3268060
3257414
3257142
3488193
3433908
3243929
3312859
4440543
3338100
3287470
3309495
3281724
3298726
3285306
3257128
3236219
3236216
3271008
3259089
3604770
3284092
3271770
3227090
3226362
3289461
3265855
3261769
3256871
3221691
3238469
3236016
3233192
3248874
3254236
3215745
3283189
3224830
3210786
3208622
4048009
3339715
3699692
3596716
3329354
3242811
3242600
3217915
3217172
3206007
3640990
3262898
3563284
3253196
3201956
3215030
3227012
3357065
3266379
3197596
3204420
3199074
3198471
3457053
3277753
3198061
3210194
3203027
3195949
3195758
3192800
3482626
3355513
3269563
3237863
3205506
3203760
3705961
3189956
3189600
3236571
3186794
3198345
3209417
3319977
3235878
3187430
3178044
3184160
3183091
3183086
3183070
3182859
3182572
3308062
3302642
3252486
3218310
3181346
3261933
3439052
3279313
3189883
3174958
3160100
3234749
3172286
3251705
3217087
3189748
3174036
3241667
3199453
3166285
4461237
3352156
3187176
3186905
3174413
3174409
3165834
3164676
3155669
3229645
3859243
3207002
3203470
4358790
3919666
4480431
3237072
3241651
3163928
3197435
3192249
3178011
3185219
3157397
3157344
3157022
3739579
3164149
3218229
3157078
3154943
3208744
3186411
3154190
3428264
3170973
3152565
3169707
3175161
3163546
3157231
3147954
3141096
3146511
3146489
3162929
3190612
3144219
5167480
3154869
3140508
3137611
3235507
3149590
3172903
3149044
3178272
3163234
3130744
3341610
3271660
3189837
3131171
3131170
3122419
3114533
3138915
3127813
3141626
3133883
3251032
3214265
3123298
3200215
3121782
3148601
3146741
3120871
3120866
3141502
3249170
3192226
3262529
3186201
3201783
3132102
3122262
3129297
3220393
3149324
3146250
3200282
3144556
3124790
3105292
3143644
3107442
3105544
3103528
3103518
3115882
3102754
3102718
3150745
3108897
3102098
3137104
3111209
4003125
3100314
3098846
3809898
3123543
3116272
3112430
3138337
3118920
3107310
3156326
3218884
3133881
3500090
3149664
3129143
3486644
3129732
3151342
3189834
3088710
3208153
3162130
3098789
3125527
3228345
3133220
3092423
3082934
3081197
3075431
3105250
3305874
3141088
3083416
3090009
3111376
3134336
3085716
3090336
3077387
3199298
3076451
3122181
3072770
3177272
3112512
3104549
3473480
3117983
3070219
3078589
3357394
3081796
3072326
3062543
3090611
3060802
3315172
3104225
3093880
3101797
3050894
3153299
5054125
3043205
3734561
3596701
3130093
3065953
3050871
3044641
2975775
3062080
3055855
3049270
3045451
3044138
3041816
3357623
3040179
3046929
3049961
3229157
3080434
3059348
3042382
3033425
3030201
3906209
3061354
3055811
3031304
3434686
3063986
3040714
3040701
3061485
3064839
3035770
3031146
3028349
3024423
3140101
3104334
3032702
4603656
3105310
3111854
3019176
3690301
3219041
3010008
3026718
3765248
3742302
3587730
3454525
3280078
3204656
3022411
3013379
3013110
3019228
3031493
3204583
3026990
3010073
3017682
3031726
3007141
3001886
3222593
3094412
3039075
2997376
3023269
3037639
2998442
3019231
3005937
3005936
2996292
4429297
3238799
3064955
3002325
2996819
2993559
2978071
2994829
3091788
3017868
2996120
3085110
2993601
3224690
3002901
3135778
2987931
3049274
3020590
2981578
3097093
3027152
3990230
3371392
3285447
3018137
3106281
2988752
4023303
3034190
2963474
3671753
3091749
3842487
4010227
3641841
3046220
2972245
3003399
2958119
3140463
3893826
3096978
3013782
2967426
2967494
3091710
2953531
2975259
3091695
2950131
2949395
4702431
4492525
3786363
2990936
2947253
3167317
2945314
3006272
3077975
2997149
3214918
2940764
2939879
2910370
2965552
2942033
2935519
2951065
2947884
4513247
2933234
3025315
2932724
4734377
3913057
3767979
3380486
3217043
2981636
2920375
2989470
3022479
3476227
2939551
3137639
2966097
2927429
2993235
2944142
2923187
2922505
2932592
2994245
2923653
2915426
3184547
2966966
4351376
3383517
3115172
2909294
2945552
2925531
2944588
2992582
3463140
2905436
2914655
2962594
2945029
2903878
2972538
4036663
3004594
3128775
2936774
2885014
2924911
2895223
2893954
2923291
2903602
2950253
2920065
2918738
2923287
2915636
2912995
2884243
3014992
2886346
2926146
2895357
2944409
2919122
2896956
4002980
2938059
2903569
2890538
2894745
4346178
3500165
2935989
2890566
2887449
2881405
2881366
2879413
2868335
3262324
2938105
2889718
2927975
2873964
2895454
2885362
2923552
2906322
4033990
2882520
2867933
2917644
2864267
2867295
3077712
2930014
2882664
2880712
3227980
2880319
4327942
2951593
2876090
2856670
2868011
2903376
2878180
4136464
3047629
3032279
2854141
4002748
2867890
2922021
2875881
2881773
2873801
2849056
2888556
3158433
2895414
2882924
2863351
2844625
2908724
2875811
2854889
2999028
2888559
2856525
2851968
2842296
2871967
2874657
2859324
3227950
2863852
2852353
2838911
3256433
2992755
2883531
2850017
3045830
2857965
2822853
2822851
2840120
2918371
2860887
2820168
2822534
4018810
3019606
2826812
2940646
2864813
2821183
2864323
2827414
3098106
3098100
2829211
2819264
2810401
3009543
3682507
2801743
4423729
2820680
4179498
4120954
2947458
2879200
2810308
2806773
4748726
4002699
2847436
2812178
2791283
2789404
2781111
3452283
2825363
3822798
3431561
2792197
3826182
2776985
2981407
2786178
2790458
2775909
2828180
2830209
2770110
4007502
2801074
2779060
2809817
3010349
2801221
2798318
2791004
2872118
2759517
2763213
2929164
3152789
2756351
2820199
2783925
2784164
2788002
2785519
2771057
2971694
2749934
2791235
2935330
2777430
2747397
2917200
2759961
2781622
5036639
2727793
2781617
3351973
2737162
2743717
2745768
2730580
2737544
2752361
2746235
2730746
2719916
2730056
2751961
2717694
2713590
2728535
2810661
2764525
2729748
2747988
2722905
2734845
4613761
2712748
2712742
2712741
2712738
2720969
2966327
2908989
2713996
4378690
2728106
2749124
2890251
2710595
2708823
2697273
2704914
2725449
2880522
2856695
3828861
2749901
2729982
3828857
3186068
2833280
3164574
3428063
2729130
2685981
2685470
2716179
3771080
2819730
2708600
2774839
2741343
3222241
2882173
2696272
2891772
2793118
2706685
2673680
2757681
2700196
4150685
2673281
2864999
2684023
2673128
2933065
2693464
2668178
2700553
2849816
2669031
2708875
2735877
2711288
2742911
2662429
2665694
2924591
2737477
2682497
2667508
2659241
2674432
2705686
2683761
2693004
2668010
2685080
2846174
2709181
2685086
2670830
2683922
3031173
2657156
2666736
3041579
2805161
2710387
2804928
2688274
2681727
2664694
2740372
2707500
2642659
2720421
2663207
2637758
2742599
2729268
2909753
2848733
2696395
2645037
2633844
2755790
2635389
2648360
2610506
4372263
3186065
3086722
2981820
2896785
2846782
2713027
2612734
2836910
2661103
2630582
2647302
3601865
2638711
2597730
2676974
3816354
2780474
2699817
2674329
2636684
2607289
2656241
2614498
2583956
2670029
2657316
2686558
2702467
2672591
2994208
2603471
2575756
2582270
3727909
2613930
2567031
2695245
2699904
2653101
2582626
2572629
3579549
2603427
2732352
2572182
2659536
2599911
2728462
2570369
2765113
2630894
2527134
2518833
2745214
2682538
2597423
2527704
3646620
2576142
2537576
2535780
2799006
2693948
2525627
2483929
5154249
2780822
2575634
2744302
2530876
2515299
2500009
2567132
2494971
4459582
2443398
4879614
2872618
2510816
2491510
4506154
2779536
2721440
2701790
2844899
2719727
2722790
2410296
2505276
2398782
2441633
2426809
2725770
2582908
2424193
2435555
2397449
4664062
3272768
2440556
2423197
2364663
2391158
2431005
2427314
2752648
2744593
2386493
2329851
2587399
2547885
2367384
2315682
2447665
2575653
2493530
2292097
3348616
2453245
2358886
3046030
2335289
2440495
2397510
2567426
2311292
2395193
3700525
2397339
2519238
3992704
2712285
2248309
2278125
2536698
2293020
2375734
2275249
2290973
2266901
2238789
2739396
2621332
2582434
2531211
2736982
2410087
2234434
2743486
2660851
2640051
2231382
2360255
2223586
2077309
2063513
2577937
2223428
3969965
3005702
2045141
2174440
2268040
2212681
2041995
2223653
2082048
2870994
2092437
1987343
4611767
2474952
2211385
2153436
2134863
2002573
4111364
2763431
2710271
1964525
2082045
2131726
1995220
2025591
2626275
1933256
2131762
3171341
1949397
2045480
1940026
4617797
1933142
1904132
2077964
1976287
1868596
2025700
1952103
1871567
1854952
2628121
2695512
2013979
1856836
1831794
3156572
1847948
2732997
1805033
2117287
2084482
2312096
2716788
4368178
2873834
2096755
2117540
1797813
2785010
1989107
1869626
1987713
2391258
1676006
1693801
1669746
1636651
2802715
1839855
4088112
1794571
1775067
1995426
1715926
1589979
2868366
1664678
4088201
1698833
1618697
1560165
1564153
1782323
1538788
3032589
1636090
1839010
1993995
1524989
1518660
4124369
1462718
1856468
2569272
1459328
1483113
1415319
4087507
1435941
2361380
1420332
1409799
2780837
1891165
1388242
1343562
2792339
1388258
1315318
1876394
2556859
1603782
4436719
1464242
3570995
1502026
3887338
1501938
1198225
2702061
1501428
1993938
1166571
1257642
2395628
1993933
1400602
549010
1501124
546537
3035045
2565472
2430886
2023887
545145
1200678
516725
1065053
520841
506976
1774159
2447453
420144
2129141
1615360
371080
395772
363112
329276
1271758
1884420
2395285
3683555
2499934
2394334
224961
171388
3232543
1738564
4611775
1180310
2172930
1693160
1742679
1735442
1851172
2173981
1906566
2376202
1738106
135653
2373708
136569
128834
2196048
1222753
2173128
1222695
117220
1690979
2447270
123654
1084013
2499691
2373469
139023
1573192
127694
1476025
64949
1729943
125632
1572937
95384
1222039
2364078
55423
55660
1221906
200204
111156
33498
2363643
95197
1950031
88854
2363782
1950025
95091
95040
1221646
1741887
2144509
1461387
112473
1885729
1221392
2195872
1312230
1221316
1766532
1737110
1287543
14969
59596
4704990
59098
2175114
5080956
1723475
101865
1369921
1718217
1571873
58883
1729255
102423
102385
1117122
1220625
96897
2362863
96812
2363141
2362355
1866613
1729079
1171378
25386
1171332
2362342
93729
1220144
1220103
1727431
1300118
1300077
61342
34754
4767749
2212502
1571007
1219748
4172235
25541
2132885
2144088
107319
107298
34948
108295
508816
2150188
1170587
147475
2149958
124581
35126
2665497
2151256
1218997
1218934
2127866
2127859
1565043
508282
484891
175357
175114
1050892
2126071
2126045
2126038
2126031
2126021
2126019
1207805
178830
2223804
2222756
1915894
1217852
484490
38009
1217805
452255
190481
174038
1469659
450076
2192447
2192419
2120699
1224947
