28022916
28022092
28021976
28020860
27934951
27924190
27922821
27902488
27859320
27857161
27849428
27614411
27755239
27708692
27698885
27653868
27574401
27536272
27528625
27497640
27494886
27328024
27294148
27269583
27261558
27233742
27209164
27183521
27070589
27015814
26934559
26919063
26900251
26893366
26884679
26884398
26784894
26769568
26756219
26715436
26713270
26668321
26633368
26633361
26618332
26550070
26500507
26483598
26444005
26423026
26334717
26317699
26279084
26245675
26199389
26108555
26071688
26043662
26042666
26020309
26010865
25972604
25924610
25886259
25881313
25879409
25860498
25817079
25690601
25683910
25676331
25657114
25345515
25330896
25315394
25309378
25309346
25241036
25229777
25223855
25149502
25144716
25064608
25004002
24991762
24989895
24972172
24877140
24846085
24835295
24805056
24754449
24739067
24693967
24690414
24673814
24595241
24556040
24508774
24454858
24432175
24369047
24329533
24324975
24276257
24275941
24218216
24157872
24139708
24114495
24114491
24099273
24012219
23988477
23961958
23749582
23732292
23562747
23504501
26317099
24688734
23145121
23142241
23012423
22944462
22926964
22850470
22831278
22739413
22736935
22700530
22698579
22576057
22569004
22487523
22326768
22301196
22272227
22212895
22178533
22138567
22021908
22008206
21893401
21857934
21857521
21711528
21569507
21394739
21272652
21247416
21139574
21136955
21133343
25984394
21096084
21070292
20973258
20926982
20861532
20663702
20650822
20645653
20556864
20001709
20000412
19965878
23480468
19752719
19710940
19668444
19607655
19615118
19615111
19444643
19288493
19221747
19209238
19131553
18491321
18472019
18460182
18384105
17720984
17641412
17460170
17350262
17298298
17012217
16906516
16818621
16778219
16509824
16473140
16095810
16082388
16026646
15781651
15711131
15677764
15551952
15492260
15379717
15322424
15217933
15003874
14973071
14724567
14637195
14594725
12783599
12624752
12623075
12478472
12029363
11829615
11751427
11708817
11701021
11454685
11406645
11351297
11256162
11226371
11196180
11196165
11073588
10879732
10807947
10806407
10718212
10596908
10591145
10591144
10497928
10051537
9924690
9831361
9636834
9490768
9489990
9484913
9405056
9479591
9178098
9215615
10882300
9037248
8989922
8912696
8876622
11667574
8612589
11666379
11666377
