5154164
5120462
5089131
5064015
4967295
5075487
5072864
5072861
5072819
4916594
4892488
4891926
5012792
4829662
4885721
4885716
4802825
4885702
4898286
4789650
4786822
4862802
4765225
4856518
4777589
4777578
4758426
4721856
4721855
4721853
4721851
4721834
4779639
4682415
4769809
4702925
4769805
4769800
4679173
4679172
4677956
4677954
4677931
4651683
4729278
4690668
4668508
4642920
4642917
4642914
4637852
4644196
4764096
4747444
4610850
4742035
4617974
4785874
4742037
4709243
4733492
4733485
4607347
4607338
4607322
4773033
5112020
5112018
4962663
4605465
4605459
4596640
4569115
4633808
4552468
4548842
4547339
4547148
4633832
4607790
4594822
4541443
4541438
4512860
4607983
5009907
4511766
4514492
4552239
4552235
4501619
4501613
4501610
4501597
4837499
4837491
4574765
4463900
4461020
4491883
4436019
4650817
4561140
4492396
4748345
4489271
4485518
4485514
4470555
4437947
4430066
4430057
4430052
4430051
4426166
4537894
4524950
4524922
4499238
4455651
4491451
4459250
4396776
4396775
4396765
4456996
4484332
4394615
4558669
4484331
4484401
4482521
4470449
4470408
4470406
4414084
4414077
4414070
4369635
4369610
4455592
4462548
4336044
4390258
4748337
4325875
4325869
4325859
4325852
4414679
4432810
4350507
4350504
4333754
4301782
4301780
4301772
4430161
4410657
4277532
4271507
4407941
4244130
4338530
4264822
4264821
4264814
4405067
4394004
4391894
4382058
4403362
4403361
4235451
4229177
4229172
4229171
4229166
4229151
4213262
4218681
4364683
4345215
4196827
4196820
4183671
4258458
4314136
4183924
4162962
4282869
4255574
4162709
4162703
4250027
4250007
4175914
4247903
4137032
4272160
4333150
4131975
4131972
4131967
4131953
4258211
4242043
4113668
4469030
4173881
4152977
4152976
4141640
4096282
4096277
4096269
4096266
4096255
4096254
4094451
4456829
4067069
4055335
4086107
4231249
4041994
4055169
4135465
4473782
4042849
4029974
4128452
4071086
4029231
4020666
4020655
4020638
4006751
4006402
4194201
4105188
4079135
4079128
4046553
4046548
4046530
4028650
4028648
3990763
4145271
4240741
4142635
4228991
3956744
5130340
4006767
4006753
3952776
3952773
3952767
4103490
3954160
3923765
4291112
3954114
3914767
4247736
4247737
3922580
3922565
4085945
4085900
3899204
3897929
4245008
4260151
4084718
4061614
3994840
3994824
3994791
3992769
3989916
3952917
3952913
3908621
3831179
3978592
3877007
5049886
4024431
3896950
4196276
3988951
3907353
3860936
4021985
3817946
3980897
3830446
3965034
3817880
3867560
3828111
3825477
3818014
3908344
3893665
4750150
4311569
3786952
3909689
4453890
3861891
3815649
3810040
3771740
3761308
3817900
3880819
3880810
3820933
3830472
3743711
3728251
4950944
3725151
3735185
3723580
3708859
3743862
3743861
3743856
3710056
3710052
3692130
3692096
3712222
3681466
3681436
3684868
3692070
3706780
3777727
3673217
3658873
4009376
3683531
3683517
4171679
3683525
3683516
3625106
3625104
3625073
3625071
3625506
3676205
3650787
3585216
3740217
3647006
3576967
3576955
3569474
3567907
3559646
3563369
3559616
3597905
4357780
3680274
3583787
3583783
3566732
3555682
3555643
3666915
3521214
3520680
3531103
3610154
3517790
3498036
3498033
3498022
3475300
3486686
3486685
3486683
3484944
3470530
3470496
3470489
3441533
3782099
3440264
3447684
3443426
3434522
3433531
3483187
3443675
3432264
3396568
3447535
3472228
3420859
3420846
3411107
3395537
3385936
3428175
3439272
3368000
3374712
3397482
3458522
3410437
3365261
3379834
3352773
3361215
3330810
3381668
3325465
3325464
3342218
3382432
3307762
3331833
3343669
3343668
3343666
3303665
3325072
3285582
3325061
3278710
3276504
3433890
3296647
3280704
3404398
3260142
3708476
3282207
3282197
3276526
3264037
3292679
5104565
3486783
3399436
3237534
3237529
3245127
3287951
3242584
3215629
3207976
3202381
3192099
3633414
3272091
3196357
3173443
3155462
3155461
3155457
3155432
3155431
3205853
3161809
3161796
3135466
3135455
3230148
3114768
3188859
3215536
3114695
3113945
3117350
3198109
3130752
3093604
3085677
3101653
3201611
3080867
3080521
3080519
4292917
3076907
3116696
3093091
3187945
3087688
3201595
3201584
3072557
3072549
3201617
3043042
3038820
3038812
3031563
3026046
3024190
3036622
4900871
3053186
3019228
3039086
3072271
3324316
2993036
3156954
3091786
4492722
2978695
3371392
3172639
3013807
3013673
3006144
2980445
2980417
2954532
2954089
2946353
3001121
2999375
2951808
2951806
2951804
2951802
2910761
2909867
2967788
2922826
2922793
2872116
3188246
2906579
2950253
2938059
2881111
2896092
2896089
2912626
2901784
2900148
2875888
2868627
2871014
2866313
2860841
2860817
4669221
2992755
2858501
2858497
2852221
2851465
2872883
2841554
2841547
3098113
2834675
2865942
2831729
2821253
2821224
3098100
2825225
2827217
2795036
2803856
2815657
2810111
2807820
2804305
2793691
2878865
3086882
2906213
2906211
2806087
2776814
2776783
2788933
2766391
2764712
2834769
2762299
2762286
2755114
2768980
2781755
2827009
2742133
2717670
2717667
2752617
2726106
2841301
2724977
2724976
2787573
2787570
2704403
2826961
2734435
2723021
2718609
2718607
2691419
2702357
2694096
2694070
2694069
2718524
2703932
2703972
4492713
2706636
2700712
2682290
2668989
2674432
3432273
2645466
2826917
2654831
2651117
2950655
2687555
2621282
3057923
2826911
2826908
2719858
2687841
2631488
2627893
2646195
2586331
2585111
2602650
2602649
2602636
2602621
2643763
3838316
2686490
2572661
3008556
2682156
2645223
2654741
2684442
2565721
2612419
2643159
2643153
2606085
3188170
2592718
3217184
2745214
2603521
2553472
2553470
2537576
2726282
2645204
2515256
2546852
2424176
2443398
2679537
2532898
2464781
2464594
2447721
3267469
2496589
2426973
2441612
2447737
2743399
2447774
2671315
2532884
2532882
2377209
2377203
2787543
3129603
2649644
2644026
2529429
2294073
2294108
3267437
2902235
2329598
2395235
2528823
2410087
3267423
2386207
2231555
2941992
2231460
3267417
2092437
2651416
2231422
2231421
2373897
2724864
2670710
2528772
3267404
1963338
2645128
3267397
4498903
3267391
1924866
1933155
2651952
2384281
3267365
2650752
2676360
3267360
2528680
2384262
1952578
1832100
3267357
2647880
1885856
4647941
2675843
2585458
2276174
1949135
1949107
3267258
3685583
3555495
3034448
2649167
1952573
1764474
1783758
2678004
2627571
1698476
1693857
2683323
2627536
3267127
3267110
2678005
2627444
2627443
2627442
2627438
2627430
2627427
1538788
3267089
2806788
2678001
2627391
2585429
1561582
2677976
3266727
3266725
3266724
1524990
2627323
3266716
1481669
1458360
3266708
3266707
1413562
3756028
2626538
2626534
2626531
2626529
2626515
2626510
1388238
1409799
3207510
2626486
2601640
1316149
1283485
1852061
1266313
3211896
2626336
1216294
2626309
1479471
2722565
2585238
3211525
2626287
1160270
1160192
1150234
3265913
557045
2626208
2626205
2624210
2624209
2624203
3265909
3268221
3265907
2722828
2623467
3756029
3211599
3265811
1448550
3265810
2623023
3265808
2622939
2720873
3265095
2721174
2622860
3265041
3264970
3264966
2572386
2585882
368431
2720473
2572351
2572346
2719516
2572324
2572535
2572517
2572515
2572501
2792693
2792688
3211692
2214204
2572406
2572308
2504918
2567701
2796534
2567648
2213960
3684645
2795680
124136
2214085
2567553
2795694
2795690
2794812
3692706
3692705
2567717
2567566
2505083
2018478
2805978
2805974
2018466
2566492
2566486
2566484
2566657
2566647
2566642
3692646
2505065
2018562
2018559
3692659
1189671
1476546
2804546
2018415
2018409
2018396
2804517
2804453
2566707
2566443
2566431
2566380
2566377
2566373
2566372
2566345
2566330
1476384
1189617
1476394
2144787
2144850
1189611
2485499
2485495
2144947
2144922
2817800
2144884
2144839
2144836
2144955
3788924
1987687
2810672
2560844
2560829
2560823
2560805
2560787
2560786
2560784
2560779
2560768
2560761
2560758
2560735
2560734
2560723
2560712
2560709
2560708
2560662
2560639
2560636
2560632
2560631
2560627
2560624
2560622
2560621
2560618
2560601
1987646
3795132
2328670
2328669
2328667
2328656
2827760
2827752
2328629
2328609
1539821
2827746
2328542
2328539
2328527
2328519
2328211
1230463
2827731
2827728
2328395
2328363
1539747
1539746
1230406
2328473
2328470
2328460
2328585
2328580
2328578
2328562
1230264
1230263
2328326
2328315
2328309
2328306
2328298
2328297
2707424
2828209
2485440
2328433
2328414
2328404
1230034
1230006
2328277
2328275
2328273
2328262
2707451
2828223
2557773
2557767
2557755
2557719
2557705
2557643
2557625
2557624
2557609
2557605
2557568
2328080
2328074
1539656
2485396
2277778
2277773
1229839
2851314
2851311
2277996
2277992
2277987
2277982
2277925
2277921
2707392
2277886
2277885
2277881
1539440
1539438
1539437
2277545
1305096
1229371
2485179
2278285
2278266
2278262
2277670
2277830
2277810
2851279
2851275
2277716
1228845
1539893
2312488
2305782
2305758
2305757
2305709
2305652
2305630
2305627
2305573
2305569
2277588
2277566
2277557
2255105
2255104
2255211
2255191
2255179
1228267
2255445
2255441
2255432
2255429
2255428
2255424
2255418
1228212
2485158
2255345
1227970
1227916
1227909
2255134
2255128
2255124
2255123
2255286
2255276
1576890
1576872
1255884
2255555
2255548
2255540
2255508
2255495
2255471
2255313
1232781
2255244
2255233
2255215
2487027
2487021
2487003
2486931
1335495
2146863
2146945
2146939
2146929
2146922
1335067
1335370
1335356
1335451
2146886
2146881
2146877
2146873
1335036
3950126
3950125
2146827
1576435
2146785
2146483
2146378
1487712
2365778
2146323
2146297
2146277
1488131
2486916
2486905
2486901
2486898
2486871
2486860
2486844
2486838
2486806
2486799
1488092
