27695684
27669402
27556919
27553398
27441193
27429493
27284702
27240130
27231384
27217169
27180738
27152056
27147765
27117647
27081850
27077792
27051603
27047667
27047555
27034519
27007091
26996364
26985083
26973255
26925248
26908964
26878491
26857721
26839454
26812410
26788238
26767175
26750162
26715781
26668441
26668438
26668437
26637088
26637083
26637079
26629725
26629721
26629718
26606712
26606708
26605558
26605456
26605450
26605449
26600615
26600612
26549910
26549902
26487815
26487812
26478628
26478615
26478613
26478609
26474231
26474228
26474226
26474225
26462259
26447732
26405059
26400709
26400702
26400601
26399289
26380104
26378770
26366824
26366822
26366821
26346754
26334607
26285614
26236496
26236357
26229205
26229200
26204364
26168102
26168099
26145483
26077524
26077522
26077519
26074222
26074221
26022151
26015790
26011853
26001873
26001870
26001690
26001689
25987866
25970804
25969585
25964681
25931655
25922688
25922558
25907192
25883789
25883403
25876822
25838785
25838564
25780628
25767947
25767946
25764040
25733955
25673907
25673906
25668048
25668045
25664521
25664520
25664517
25598180
25574676
25558103
25552775
25550661
27408755
27408754
25422679
25421078
25408183
25408179
25408177
25378755
25378726
25375307
25375302
25371692
25364015
25356694
25343466
25285127
25270747
25222365
25222364
25222363
25222355
25222168
25222166
25222165
25214657
25150354
25110379
25110378
25023772
24995744
24995735
24991781
24991775
24991774
24991770
24952125
26399202
24945560
24940017
24932932
24927294
24927291
24927193
24927185
24800768
24799757
24799754
24799720
24798670
24798669
24798667
24798666
24755500
24753659
24719508
24700997
24666454
24618376
24612897
24612893
24612890
24518914
24518909
24489559
24444289
24444284
24431936
24405880
24405879
24403672
24381383
25780618
25780611
25780610
26393048
24347713
24347710
24347707
24246399
24246397
24165063
24165062
24101793
24101781
24088233
24007710
24005070
23997389
23940407
23904640
23904637
23883493
23876638
23876636
23870781
23825882
23825877
23825874
23823744
26393012
23756279
23756277
23756272
23735459
23729955
23716640
23678195
23667365
23667360
23599549
23554527
23554523
26393004
23476091
23467669
23449757
23397353
23397351
23397347
23397346
24975354
24975353
26392969
23192546
21725060
22081596
19919945
19465394
18513408
18463131
18428738
17720984
17586824
24223009
15980487
15028117
24115895
24115847
