28022092
28021976
27924190
27859320
27857161
27653868
27536272
27497640
27328024
27269583
27233742
27070589
26884679
26784894
26633361
26279084
26042666
26020309
26010865
25924610
25886259
25881313
25879409
25683910
25330896
25315394
25229777
25223855
25149502
24989895
24877140
24690414
24673814
24595241
24275941
24099273
24012219
23961958
23562747
23504501
26317099
24688734
22944462
22926964
22850470
22736935
22576057
22487523
22326768
22301196
22272227
22178533
22021908
22008206
21857934
21857521
21711528
21569507
21394739
21272652
21136955
25984394
21096084
20973258
20926982
20861532
20663702
20650822
20556864
20001709
19965878
23480468
19710940
19607655
19615118
19615111
19444643
19209238
19131553
18491321
18384105
17720984
17298298
14594725
